"tick";"NNCardinality";"NSCardinality";"AvgCompNonRegulatedNorms"
1.0;0;0;0.0
2.0;0;0;0.0
3.0;0;0;0.0
4.0;0;0;0.0
5.0;0;0;0.0
6.0;0;0;0.0
7.0;0;0;0.0
8.0;0;0;0.0
9.0;0;0;0.0
10.0;0;0;0.0
11.0;0;0;0.0
12.0;0;0;0.0
13.0;0;0;0.0
14.0;0;0;0.0
15.0;0;0;0.0
16.0;0;0;0.0
17.0;0;0;0.0
18.0;0;0;0.0
19.0;0;0;0.0
20.0;0;0;0.0
21.0;0;0;0.0
22.0;0;0;0.0
23.0;0;0;0.0
24.0;0;0;0.0
25.0;0;0;0.0
26.0;0;0;0.0
27.0;0;0;0.0
28.0;0;0;0.0
29.0;0;0;0.0
30.0;0;0;0.0
31.0;0;0;0.0
32.0;0;0;0.0
33.0;0;0;0.0
34.0;0;0;0.0
35.0;0;0;0.0
36.0;0;0;0.0
37.0;0;0;0.0
38.0;0;0;0.0
39.0;0;0;0.0
40.0;0;0;0.0
41.0;0;0;0.0
42.0;0;0;0.0
43.0;0;0;0.0
44.0;0;0;0.0
45.0;0;0;0.0
46.0;0;0;0.0
47.0;0;0;0.0
48.0;0;0;0.0
49.0;0;0;0.0
50.0;0;0;0.0
51.0;0;0;0.0
52.0;0;0;0.0
53.0;0;0;0.0
54.0;0;0;0.0
55.0;0;0;0.0
56.0;0;0;0.0
57.0;0;0;0.0
58.0;0;0;0.0
59.0;0;0;0.0
60.0;0;0;0.0
61.0;0;0;0.0
62.0;0;0;0.0
63.0;0;0;0.0
64.0;0;0;0.0
65.0;0;0;0.0
66.0;0;0;0.0
67.0;0;0;0.0
68.0;0;0;0.0
69.0;0;0;0.0
70.0;0;0;0.0
71.0;0;0;0.0
72.0;0;0;0.0
73.0;0;0;0.0
74.0;0;0;0.0
75.0;0;0;0.0
76.0;0;0;0.0
77.0;0;0;0.0
78.0;0;0;0.0
79.0;0;0;0.0
80.0;0;0;0.0
81.0;0;0;0.0
82.0;0;0;0.0
83.0;0;0;0.0
84.0;0;0;0.0
85.0;0;0;0.0
86.0;0;0;0.0
87.0;0;0;0.0
88.0;0;0;0.0
89.0;0;0;0.0
90.0;0;0;0.0
91.0;0;0;0.0
92.0;0;0;0.0
93.0;0;0;0.0
94.0;0;0;0.0
95.0;0;0;0.0
96.0;0;0;0.0
97.0;0;0;0.0
98.0;0;0;0.0
99.0;0;0;0.0
100.0;0;0;0.0
101.0;0;0;0.0
102.0;0;0;0.0
103.0;0;0;0.0
104.0;0;0;0.0
105.0;0;0;0.0
106.0;0;0;0.0
107.0;0;0;0.0
108.0;0;0;0.0
109.0;0;0;0.0
110.0;0;0;0.0
111.0;0;0;0.0
112.0;0;0;0.0
113.0;0;0;0.0
114.0;0;0;0.0
115.0;0;0;0.0
116.0;0;0;0.0
117.0;0;0;0.0
118.0;0;0;0.0
119.0;0;0;0.0
120.0;0;0;0.0
121.0;0;0;0.0
122.0;0;0;0.0
123.0;0;0;0.0
124.0;0;0;0.0
125.0;0;0;0.0
126.0;0;0;0.0
127.0;0;0;0.0
128.0;0;0;0.0
129.0;0;0;0.0
130.0;0;0;0.0
131.0;0;0;0.0
132.0;0;0;0.0
133.0;0;0;0.0
134.0;0;0;0.0
135.0;0;0;0.0
136.0;0;0;0.0
137.0;0;0;0.0
138.0;0;0;0.0
139.0;0;0;0.0
140.0;0;0;0.0
141.0;0;0;0.0
142.0;0;0;0.0
143.0;0;0;0.0
144.0;0;0;0.0
145.0;0;0;0.0
146.0;0;0;0.0
147.0;0;0;0.0
148.0;0;0;0.0
149.0;0;0;0.0
150.0;0;0;0.0
151.0;0;0;0.0
152.0;0;0;0.0
153.0;0;0;0.0
154.0;0;0;0.0
155.0;0;0;0.0
156.0;0;0;0.0
157.0;0;0;0.0
158.0;0;0;0.0
159.0;0;0;0.0
160.0;0;0;0.0
161.0;0;0;0.0
162.0;0;0;0.0
163.0;0;0;0.0
164.0;0;0;0.0
165.0;0;0;0.0
166.0;0;0;0.0
167.0;0;0;0.0
168.0;0;0;0.0
169.0;0;0;0.0
170.0;0;0;0.0
171.0;0;0;0.0
172.0;0;0;0.0
173.0;0;0;0.0
174.0;0;0;0.0
175.0;0;0;0.0
176.0;0;0;0.0
177.0;0;0;0.0
178.0;0;0;0.0
179.0;0;0;0.0
180.0;0;0;0.0
181.0;0;0;0.0
182.0;0;0;0.0
183.0;0;0;0.0
184.0;0;0;0.0
185.0;0;0;0.0
186.0;0;0;0.0
187.0;0;0;0.0
188.0;0;0;0.0
189.0;0;0;0.0
190.0;0;0;0.0
191.0;0;0;0.0
192.0;0;0;0.0
193.0;0;0;0.0
194.0;0;0;0.0
195.0;0;0;0.0
196.0;0;0;0.0
197.0;0;0;0.0
198.0;0;0;0.0
199.0;0;0;0.0
200.0;0;0;0.0
201.0;0;0;0.0
202.0;0;0;0.0
203.0;0;0;0.0
204.0;0;0;0.0
205.0;0;0;0.0
206.0;0;0;0.0
207.0;0;0;0.0
208.0;0;0;0.0
209.0;0;0;0.0
210.0;0;0;0.0
211.0;0;0;0.0
212.0;0;0;0.0
213.0;0;0;0.0
214.0;0;0;0.0
215.0;0;0;0.0
216.0;0;0;0.0
217.0;0;0;0.0
218.0;0;0;0.0
219.0;0;0;0.0
220.0;0;0;0.0
221.0;0;0;0.0
222.0;0;0;0.0
223.0;0;0;0.0
224.0;0;0;0.0
225.0;0;0;0.0
226.0;0;0;0.0
227.0;0;0;0.0
228.0;0;0;0.0
229.0;0;0;0.0
230.0;0;0;0.0
231.0;0;0;0.0
232.0;0;0;0.0
233.0;0;0;0.0
234.0;0;0;0.0
235.0;0;0;0.0
236.0;0;0;0.0
237.0;0;0;0.0
238.0;0;0;0.0
239.0;0;0;0.0
240.0;0;0;0.0
241.0;0;0;0.0
242.0;0;0;0.0
243.0;0;0;0.0
244.0;0;0;0.0
245.0;0;0;0.0
246.0;0;0;0.0
247.0;0;0;0.0
248.0;0;0;0.0
249.0;0;0;0.0
250.0;0;0;0.0
251.0;0;0;0.0
252.0;0;0;0.0
253.0;0;0;0.0
254.0;0;0;0.0
255.0;0;0;0.0
256.0;0;0;0.0
257.0;0;0;0.0
258.0;0;0;0.0
259.0;0;0;0.0
260.0;0;0;0.0
261.0;0;0;0.0
262.0;0;0;0.0
263.0;0;0;0.0
264.0;0;0;0.0
265.0;0;0;0.0
266.0;0;0;0.0
267.0;0;0;0.0
268.0;0;0;0.0
269.0;0;0;0.0
270.0;0;0;0.0
271.0;0;0;0.0
272.0;0;0;0.0
273.0;0;0;0.0
274.0;0;0;0.0
275.0;0;0;0.0
276.0;0;0;0.0
277.0;0;0;0.0
278.0;0;0;0.0
279.0;0;0;0.0
280.0;0;0;0.0
281.0;0;0;0.0
282.0;0;0;0.0
283.0;0;0;0.0
284.0;0;0;0.0
285.0;0;0;0.0
286.0;0;0;0.0
287.0;0;0;0.0
288.0;0;0;0.0
289.0;0;0;0.0
290.0;0;0;0.0
291.0;0;0;0.0
292.0;0;0;0.0
293.0;0;0;0.0
294.0;0;0;0.0
295.0;0;0;0.0
296.0;0;0;0.0
297.0;0;0;0.0
298.0;0;0;0.0
299.0;0;0;0.0
300.0;0;0;0.0
301.0;0;0;0.0
302.0;0;0;0.0
303.0;0;0;0.0
304.0;0;0;0.0
305.0;0;0;0.0
306.0;0;0;0.0
307.0;0;0;0.0
308.0;0;0;0.0
309.0;0;0;0.0
310.0;0;0;0.0
311.0;0;0;0.0
312.0;0;0;0.0
313.0;0;0;0.0
314.0;0;0;0.0
315.0;0;0;0.0
316.0;0;0;0.0
317.0;0;0;0.0
318.0;0;0;0.0
319.0;0;0;0.0
320.0;0;0;0.0
321.0;0;0;0.0
322.0;0;0;0.0
323.0;0;0;0.0
324.0;0;0;0.0
325.0;0;0;0.0
326.0;0;0;0.0
327.0;0;0;0.0
328.0;0;0;0.0
329.0;0;0;0.0
330.0;0;0;0.0
331.0;0;0;0.0
332.0;0;0;0.0
333.0;0;0;0.0
334.0;0;0;0.0
335.0;0;0;0.0
336.0;0;0;0.0
337.0;0;0;0.0
338.0;0;0;0.0
339.0;0;0;0.0
340.0;0;0;0.0
341.0;0;0;0.0
342.0;0;0;0.0
343.0;0;0;0.0
344.0;0;0;0.0
345.0;0;0;0.0
346.0;0;0;0.0
347.0;0;0;0.0
348.0;0;0;0.0
349.0;0;0;0.0
350.0;0;0;0.0
351.0;0;0;0.0
352.0;0;0;0.0
353.0;0;0;0.0
354.0;0;0;0.0
355.0;0;0;0.0
356.0;0;0;0.0
357.0;0;0;0.0
358.0;0;0;0.0
359.0;0;0;0.0
360.0;0;0;0.0
361.0;0;0;0.0
362.0;0;0;0.0
363.0;0;0;0.0
364.0;0;0;0.0
365.0;0;0;0.0
366.0;0;0;0.0
367.0;0;0;0.0
368.0;0;0;0.0
369.0;0;0;0.0
370.0;0;0;0.0
371.0;0;0;0.0
372.0;0;0;0.0
373.0;0;0;0.0
374.0;0;0;0.0
375.0;0;0;0.0
376.0;0;0;0.0
377.0;0;0;0.0
378.0;0;0;0.0
379.0;0;0;0.0
380.0;0;0;0.0
381.0;0;0;0.0
382.0;0;0;0.0
383.0;0;0;0.0
384.0;0;0;0.0
385.0;0;0;0.0
386.0;0;0;0.0
387.0;0;0;0.0
388.0;0;0;0.0
389.0;0;0;0.0
390.0;0;0;0.0
391.0;0;0;0.0
392.0;0;0;0.0
393.0;0;0;0.0
394.0;0;0;0.0
395.0;0;0;0.0
396.0;0;0;0.0
397.0;0;0;0.0
398.0;0;0;0.0
399.0;0;0;0.0
400.0;0;0;0.0
401.0;0;0;0.0
402.0;0;0;0.0
403.0;0;0;0.0
404.0;0;0;0.0
405.0;0;0;0.0
406.0;0;0;0.0
407.0;0;0;0.0
408.0;0;0;0.0
409.0;0;0;0.0
410.0;0;0;0.0
411.0;0;0;0.0
412.0;0;0;0.0
413.0;0;0;0.0
414.0;0;0;0.0
415.0;0;0;0.0
416.0;0;0;0.0
417.0;0;0;0.0
418.0;0;0;0.0
419.0;0;0;0.0
420.0;0;0;0.0
421.0;0;0;0.0
422.0;0;0;0.0
423.0;0;0;0.0
424.0;0;0;0.0
425.0;0;0;0.0
426.0;0;0;0.0
427.0;0;0;0.0
428.0;0;0;0.0
429.0;0;0;0.0
430.0;0;0;0.0
431.0;0;0;0.0
432.0;0;0;0.0
433.0;0;0;0.0
434.0;0;0;0.0
435.0;0;0;0.0
436.0;0;0;0.0
437.0;0;0;0.0
438.0;0;0;0.0
439.0;0;0;0.0
440.0;0;0;0.0
441.0;0;0;0.0
442.0;0;0;0.0
443.0;0;0;0.0
444.0;0;0;0.0
445.0;0;0;0.0
446.0;0;0;0.0
447.0;0;0;0.0
448.0;0;0;0.0
449.0;0;0;0.0
450.0;0;0;0.0
451.0;0;0;0.0
452.0;0;0;0.0
453.0;0;0;0.0
454.0;0;0;0.0
455.0;0;0;0.0
456.0;0;0;0.0
457.0;0;0;0.0
458.0;0;0;0.0
459.0;0;0;0.0
460.0;0;0;0.0
461.0;0;0;0.0
462.0;0;0;0.0
463.0;0;0;0.0
464.0;0;0;0.0
465.0;0;0;0.0
466.0;0;0;0.0
467.0;0;0;0.0
468.0;0;0;0.0
469.0;0;0;0.0
470.0;0;0;0.0
471.0;0;0;0.0
472.0;0;0;0.0
473.0;0;0;0.0
474.0;0;0;0.0
475.0;0;0;0.0
476.0;0;0;0.0
477.0;0;0;0.0
478.0;0;0;0.0
479.0;0;0;0.0
480.0;0;0;0.0
481.0;0;0;0.0
482.0;0;0;0.0
483.0;0;0;0.0
484.0;0;0;0.0
485.0;0;0;0.0
486.0;0;0;0.0
487.0;0;0;0.0
488.0;0;0;0.0
489.0;0;0;0.0
490.0;0;0;0.0
491.0;0;0;0.0
492.0;0;0;0.0
493.0;0;0;0.0
494.0;0;0;0.0
495.0;0;0;0.0
496.0;0;0;0.0
497.0;0;0;0.0
498.0;0;0;0.0
499.0;0;0;0.0
500.0;3;0;0.3
501.0;4;0;0.5
502.0;6;0;0.8
503.0;9;0;1.1
504.0;10;0;1.5
505.0;12;0;1.9
506.0;12;0;2.1
507.0;12;0;2.3
508.0;12;0;2.6
509.0;13;0;2.8
510.0;13;0;2.8
511.0;14;0;3.0
512.0;15;0;2.9
513.0;15;0;2.8
514.0;15;0;2.9
515.0;15;0;2.6
516.0;15;0;2.6
517.0;15;0;2.7
518.0;15;0;2.4
519.0;15;0;2.5
520.0;15;0;2.4
521.0;15;0;2.2
522.0;15;0;2.3
523.0;15;0;2.3
524.0;15;0;2.0
525.0;15;0;2.2
526.0;15;0;2.1
527.0;15;0;2.1
528.0;15;0;2.3
529.0;15;0;2.1
530.0;15;0;2.2
531.0;15;0;2.1
532.0;15;0;2.1
533.0;15;0;2.1
534.0;15;0;2.2
535.0;15;0;2.1
536.0;15;0;2.2
537.0;15;0;2.1
538.0;15;0;2.1
539.0;15;0;2.2
540.0;15;0;2.3
541.0;15;0;2.2
542.0;15;0;2.3
543.0;15;0;2.2
544.0;15;0;2.0
545.0;15;0;2.1
546.0;15;0;2.2
547.0;15;0;2.3
548.0;15;0;2.2
549.0;15;0;2.2
550.0;15;0;2.2
551.0;15;0;2.6
552.0;15;0;2.4
553.0;15;0;2.3
554.0;15;0;2.5
555.0;15;0;2.5
556.0;15;0;2.6
557.0;15;0;2.5
558.0;15;0;2.8
559.0;15;0;2.9
560.0;15;0;2.8
561.0;15;0;2.7
562.0;15;0;2.7
563.0;15;0;3.1
564.0;15;0;3.3
565.0;15;0;3.4
566.0;15;0;3.1
567.0;15;0;3.2
568.0;15;0;3.2
569.0;15;0;3.4
570.0;15;0;3.5
571.0;15;0;3.5
572.0;15;0;3.4
573.0;15;0;3.3
574.0;15;0;3.1
575.0;15;0;3.0
576.0;15;0;3.2
577.0;15;0;3.3
578.0;15;0;3.4
579.0;15;0;3.2
580.0;15;0;3.0
581.0;15;0;3.0
582.0;15;0;3.1
583.0;15;0;3.2
584.0;15;0;3.1
585.0;15;0;3.1
586.0;15;0;3.0
587.0;15;0;2.7
588.0;15;0;2.3
589.0;15;0;2.2
590.0;15;0;2.3
591.0;15;0;2.4
592.0;15;0;2.4
593.0;15;0;2.3
594.0;15;0;2.3
595.0;15;0;2.3
596.0;15;0;2.2
597.0;15;0;2.3
598.0;15;0;2.5
599.0;15;0;2.5
600.0;15;0;2.7
601.0;15;0;2.6
602.0;15;0;2.8
603.0;15;0;2.8
604.0;15;0;2.9
605.0;15;0;2.9
606.0;15;0;3.1
607.0;15;0;3.1
608.0;15;0;3.2
609.0;15;0;3.2
610.0;15;0;2.7
611.0;15;0;2.8
612.0;15;0;2.7
613.0;15;0;2.6
614.0;15;0;2.4
615.0;15;0;2.3
616.0;15;0;2.4
617.0;15;0;2.5
618.0;15;0;2.5
619.0;15;0;2.6
620.0;15;0;2.9
621.0;15;0;2.7
622.0;15;0;2.6
623.0;15;0;2.6
624.0;15;0;2.7
625.0;15;0;2.6
626.0;15;0;2.4
627.0;15;0;2.5
628.0;15;0;2.5
629.0;15;0;2.5
630.0;15;0;2.3
631.0;15;0;2.3
632.0;15;0;2.5
633.0;15;0;2.5
634.0;15;0;2.7
635.0;15;0;2.8
636.0;15;0;3.1
637.0;15;0;3.0
638.0;15;0;2.8
639.0;15;0;2.9
640.0;15;0;3.2
641.0;15;0;3.2
642.0;15;0;2.8
643.0;15;0;2.7
644.0;15;0;2.5
645.0;15;0;2.5
646.0;15;0;2.5
647.0;15;0;2.5
648.0;15;0;2.4
649.0;15;0;2.2
650.0;15;0;2.0
651.0;15;0;2.0
652.0;15;0;2.3
653.0;15;0;2.4
654.0;15;0;2.7
655.0;15;0;2.7
656.0;15;0;2.4
657.0;15;0;2.3
658.0;15;0;2.3
659.0;15;0;2.5
660.0;15;0;2.5
661.0;15;0;2.4
662.0;15;0;2.4
663.0;15;0;2.6
664.0;15;0;2.4
665.0;15;0;2.4
666.0;15;0;2.4
667.0;15;0;2.3
668.0;15;0;2.4
669.0;15;0;2.5
670.0;15;0;2.6
671.0;15;0;2.8
672.0;15;0;2.8
673.0;15;0;2.7
674.0;15;0;2.6
675.0;15;0;2.8
676.0;15;0;2.8
677.0;15;0;3.0
678.0;15;0;3.1
679.0;15;0;3.0
680.0;15;0;3.1
681.0;15;0;3.1
682.0;15;0;3.2
683.0;15;0;3.2
684.0;15;0;3.3
685.0;15;0;3.2
686.0;15;0;3.4
687.0;15;0;3.4
688.0;15;0;3.4
689.0;15;0;3.2
690.0;15;0;3.1
691.0;15;0;3.1
692.0;15;0;3.1
693.0;15;0;3.1
694.0;15;0;3.2
695.0;15;0;3.3
696.0;15;0;3.4
697.0;15;0;3.4
698.0;15;0;3.3
699.0;15;0;3.4
700.0;15;0;3.2
701.0;15;0;3.1
702.0;15;0;3.0
703.0;15;0;3.0
704.0;15;0;3.0
705.0;15;0;2.9
706.0;15;0;2.6
707.0;15;0;2.7
708.0;15;0;2.8
709.0;15;0;2.9
710.0;15;0;2.9
711.0;15;0;2.8
712.0;15;0;2.8
713.0;15;0;2.9
714.0;15;0;2.7
715.0;15;0;2.8
716.0;15;0;3.0
717.0;15;0;2.9
718.0;15;0;2.7
719.0;15;0;2.4
720.0;15;0;2.7
721.0;15;0;3.1
722.0;15;0;3.0
723.0;15;0;2.8
724.0;15;0;3.0
725.0;15;0;2.9
726.0;15;0;2.5
727.0;15;0;2.6
728.0;15;0;2.7
729.0;15;0;3.0
730.0;15;0;2.9
731.0;15;0;2.7
732.0;15;0;2.9
733.0;15;0;3.0
734.0;15;0;2.7
735.0;15;0;2.5
736.0;15;0;2.7
737.0;15;0;2.7
738.0;15;0;2.7
739.0;15;0;2.4
740.0;15;0;2.4
741.0;15;0;2.3
742.0;15;0;2.1
743.0;15;0;2.0
744.0;15;0;2.1
745.0;15;0;2.2
746.0;15;0;2.4
747.0;15;0;2.3
748.0;15;0;2.3
749.0;15;0;2.5
750.0;15;0;2.5
751.0;15;0;2.6
752.0;15;0;2.6
753.0;15;0;2.6
754.0;15;0;2.5
755.0;15;0;2.7
756.0;15;0;2.6
757.0;15;0;2.6
758.0;15;0;2.6
759.0;15;0;2.6
760.0;15;0;2.6
761.0;15;0;2.7
762.0;15;0;2.7
763.0;15;0;2.7
764.0;15;0;2.8
765.0;15;0;2.6
766.0;15;0;2.5
767.0;15;0;2.5
768.0;15;0;2.4
769.0;15;0;2.2
770.0;15;0;2.1
771.0;15;0;2.1
772.0;15;0;2.2
773.0;15;0;2.1
774.0;15;0;2.4
775.0;15;0;2.3
776.0;15;0;2.4
777.0;15;0;2.4
778.0;15;0;2.5
779.0;15;0;2.6
780.0;15;0;2.6
781.0;15;0;2.3
782.0;15;0;2.1
783.0;15;0;2.1
784.0;15;0;1.8
785.0;15;0;1.9
786.0;15;0;1.8
787.0;15;0;1.8
788.0;15;0;1.8
789.0;15;0;1.9
790.0;15;0;1.9
791.0;15;0;2.1
792.0;15;0;2.1
793.0;15;0;2.2
794.0;15;0;2.2
795.0;15;0;2.3
796.0;15;0;2.4
797.0;15;0;2.3
798.0;15;0;2.3
799.0;15;0;2.2
800.0;15;0;2.3
801.0;15;0;2.5
802.0;15;0;2.8
803.0;15;0;2.9
804.0;15;0;2.9
805.0;15;0;2.8
806.0;15;0;2.7
807.0;15;0;2.7
808.0;15;0;2.8
809.0;15;0;3.1
810.0;15;0;3.1
811.0;15;0;2.9
812.0;15;0;2.7
813.0;15;0;2.7
814.0;15;0;2.8
815.0;15;0;2.9
816.0;15;0;3.0
817.0;15;0;3.2
818.0;15;0;3.0
819.0;15;0;2.7
820.0;15;0;2.7
821.0;15;0;2.6
822.0;15;0;2.6
823.0;15;0;2.6
824.0;15;0;2.5
825.0;15;0;2.6
826.0;15;0;2.6
827.0;15;0;2.4
828.0;15;0;2.6
829.0;15;0;2.7
830.0;15;0;2.7
831.0;15;0;2.7
832.0;15;0;2.8
833.0;15;0;2.6
834.0;15;0;2.5
835.0;15;0;2.4
836.0;15;0;2.4
837.0;15;0;2.6
838.0;15;0;2.5
839.0;15;0;2.4
840.0;15;0;2.4
841.0;15;0;2.2
842.0;15;0;2.1
843.0;15;0;2.4
844.0;15;0;2.5
845.0;15;0;2.4
846.0;15;0;2.4
847.0;15;0;2.5
848.0;15;0;2.7
849.0;15;0;2.7
850.0;15;0;2.8
851.0;15;0;3.1
852.0;15;0;3.3
853.0;15;0;3.2
854.0;15;0;3.3
855.0;15;0;3.2
856.0;15;0;3.4
857.0;15;0;3.3
858.0;15;0;3.1
859.0;15;0;3.2
860.0;15;0;3.1
861.0;15;0;2.9
862.0;15;0;2.7
863.0;15;0;2.5
864.0;15;0;2.3
865.0;15;0;2.5
866.0;15;0;2.1
867.0;15;0;1.8
868.0;15;0;2.1
869.0;15;0;2.0
870.0;15;0;1.8
871.0;15;0;1.8
872.0;15;0;1.8
873.0;15;0;1.9
874.0;15;0;1.9
875.0;15;0;2.0
876.0;15;0;2.1
877.0;15;0;2.2
878.0;15;0;1.9
879.0;15;0;1.8
880.0;15;0;1.9
881.0;15;0;1.8
882.0;15;0;1.7
883.0;15;0;1.8
884.0;15;0;1.8
885.0;15;0;1.7
886.0;15;0;1.6
887.0;15;0;1.5
888.0;15;0;1.6
889.0;15;0;1.7
890.0;15;0;1.8
891.0;15;0;2.0
892.0;15;0;2.2
893.0;15;0;2.3
894.0;15;0;2.4
895.0;15;0;2.3
896.0;15;0;2.3
897.0;15;0;2.4
898.0;15;0;2.3
899.0;15;0;2.3
900.0;15;0;2.1
901.0;15;0;2.2
902.0;15;0;2.2
903.0;15;0;2.0
904.0;15;0;1.9
905.0;15;0;1.9
906.0;15;0;2.1
907.0;15;0;2.2
908.0;15;0;2.3
909.0;15;0;2.3
910.0;15;0;2.5
911.0;15;0;2.5
912.0;15;0;2.5
913.0;15;0;2.5
914.0;15;0;2.8
915.0;15;0;2.8
916.0;15;0;2.5
917.0;15;0;2.6
918.0;15;0;2.4
919.0;15;0;2.3
920.0;15;0;2.2
921.0;15;0;2.2
922.0;15;0;2.0
923.0;15;0;2.2
924.0;15;0;2.1
925.0;15;0;2.2
926.0;15;0;2.5
927.0;15;0;2.4
928.0;15;0;2.7
929.0;15;0;2.8
930.0;15;0;2.8
931.0;15;0;2.7
932.0;15;0;2.6
933.0;15;0;2.4
934.0;15;0;2.5
935.0;15;0;2.6
936.0;15;0;2.6
937.0;15;0;2.5
938.0;15;0;2.3
939.0;15;0;2.5
940.0;15;0;2.4
941.0;15;0;2.4
942.0;15;0;2.5
943.0;15;0;2.6
944.0;15;0;2.4
945.0;15;0;2.5
946.0;15;0;2.3
947.0;15;0;2.3
948.0;15;0;2.2
949.0;15;0;2.0
950.0;15;0;2.3
951.0;15;0;2.5
952.0;15;0;2.7
953.0;15;0;2.5
954.0;15;0;2.7
955.0;15;0;2.4
956.0;15;0;2.5
957.0;15;0;2.4
958.0;15;0;2.6
959.0;15;0;2.6
960.0;15;0;2.6
961.0;15;0;2.4
962.0;15;0;2.3
963.0;15;0;2.5
964.0;15;0;2.5
965.0;15;0;2.7
966.0;15;0;2.8
967.0;15;0;3.0
968.0;15;0;3.0
969.0;15;0;3.3
970.0;15;0;3.2
971.0;15;0;3.2
972.0;15;0;3.2
973.0;15;0;3.2
974.0;15;0;3.0
975.0;15;0;3.0
976.0;15;0;2.8
977.0;15;0;2.8
978.0;15;0;2.7
979.0;15;0;2.2
980.0;15;0;2.2
981.0;15;0;2.3
982.0;15;0;2.3
983.0;15;0;2.4
984.0;15;0;2.5
985.0;15;0;2.4
986.0;15;0;2.5
987.0;15;0;2.5
988.0;15;0;2.5
989.0;15;0;2.5
990.0;15;0;2.6
991.0;15;0;2.5
992.0;15;0;2.5
993.0;15;0;2.2
994.0;15;0;2.1
995.0;15;0;2.1
996.0;15;0;2.2
997.0;15;0;2.2
998.0;15;0;2.3
999.0;15;0;2.4
1000.0;15;0;2.3
1001.0;15;0;2.3
1002.0;15;0;2.4
1003.0;15;0;2.6
1004.0;15;0;2.8
1005.0;15;0;2.6
1006.0;15;0;2.5
1007.0;15;0;2.4
1008.0;15;0;2.4
1009.0;15;0;2.4
1010.0;15;0;2.5
1011.0;15;0;2.7
1012.0;15;0;2.8
1013.0;15;0;3.0
1014.0;15;0;2.8
1015.0;15;0;2.9
1016.0;15;0;3.1
1017.0;15;0;3.2
1018.0;15;0;3.2
1019.0;15;0;3.4
1020.0;15;0;3.1
1021.0;15;0;2.9
1022.0;15;0;2.8
1023.0;15;0;2.5
1024.0;15;0;2.7
1025.0;15;0;2.6
1026.0;15;0;2.3
1027.0;15;0;2.0
1028.0;15;0;2.1
1029.0;15;0;2.1
1030.0;15;0;2.4
1031.0;15;0;2.3
1032.0;15;0;2.2
1033.0;15;0;2.1
1034.0;15;0;1.9
1035.0;15;0;1.9
1036.0;15;0;1.9
1037.0;15;0;2.2
1038.0;15;0;2.0
1039.0;15;0;1.9
1040.0;15;0;1.8
1041.0;15;0;2.0
1042.0;15;0;2.1
1043.0;15;0;2.2
1044.0;15;0;2.3
1045.0;15;0;2.5
1046.0;15;0;2.5
1047.0;15;0;2.5
1048.0;15;0;2.6
1049.0;15;0;2.4
1050.0;15;0;2.2
1051.0;15;0;2.3
1052.0;15;0;2.2
1053.0;15;0;2.2
1054.0;15;0;2.0
1055.0;15;0;2.0
1056.0;15;0;2.2
1057.0;15;0;2.1
1058.0;15;0;2.3
1059.0;15;0;2.7
1060.0;15;0;3.0
1061.0;15;0;3.0
1062.0;15;0;3.1
1063.0;15;0;3.1
1064.0;15;0;3.2
1065.0;15;0;3.3
1066.0;15;0;3.1
1067.0;15;0;3.1
1068.0;15;0;2.8
1069.0;15;0;2.5
1070.0;15;0;2.2
1071.0;15;0;2.0
1072.0;15;0;1.9
1073.0;15;0;1.7
1074.0;15;0;1.9
1075.0;15;0;1.7
1076.0;15;0;1.8
1077.0;15;0;1.9
1078.0;15;0;2.0
1079.0;15;0;2.0
1080.0;15;0;2.2
1081.0;15;0;2.3
1082.0;15;0;2.4
1083.0;15;0;2.6
1084.0;15;0;2.5
1085.0;15;0;2.5
1086.0;15;0;2.5
1087.0;15;0;2.5
1088.0;15;0;2.4
1089.0;15;0;2.5
1090.0;15;0;2.3
1091.0;15;0;2.1
1092.0;15;0;2.2
1093.0;15;0;2.3
1094.0;15;0;2.2
1095.0;15;0;2.2
1096.0;15;0;2.1
1097.0;15;0;2.2
1098.0;15;0;2.1
1099.0;15;0;2.3
1100.0;15;0;2.5
1101.0;15;0;2.6
1102.0;15;0;2.4
1103.0;15;0;2.6
1104.0;15;0;2.8
1105.0;15;0;2.6
1106.0;15;0;2.7
1107.0;15;0;2.5
1108.0;15;0;2.7
1109.0;15;0;2.5
1110.0;15;0;2.6
1111.0;15;0;2.7
1112.0;15;0;2.6
1113.0;15;0;2.5
1114.0;15;0;2.4
1115.0;15;0;2.9
1116.0;15;0;2.8
1117.0;15;0;2.7
1118.0;15;0;2.8
1119.0;15;0;2.8
1120.0;15;0;2.6
1121.0;15;0;2.7
1122.0;15;0;3.1
1123.0;15;0;2.8
1124.0;15;0;2.6
1125.0;15;0;2.5
1126.0;15;0;2.6
1127.0;15;0;2.9
1128.0;15;0;2.5
1129.0;15;0;2.6
1130.0;15;0;2.6
1131.0;15;0;2.5
1132.0;15;0;2.3
1133.0;15;0;2.4
1134.0;15;0;2.6
1135.0;15;0;2.4
1136.0;15;0;2.5
1137.0;15;0;2.5
1138.0;15;0;2.9
1139.0;15;0;3.0
1140.0;15;0;3.0
1141.0;15;0;2.7
1142.0;15;0;2.8
1143.0;15;0;3.1
1144.0;15;0;2.9
1145.0;15;0;3.0
1146.0;15;0;2.9
1147.0;15;0;2.7
1148.0;15;0;2.7
1149.0;15;0;2.4
1150.0;15;0;2.6
1151.0;15;0;2.9
1152.0;15;0;2.8
1153.0;15;0;2.6
1154.0;15;0;2.8
1155.0;15;0;2.8
1156.0;15;0;2.7
1157.0;15;0;2.7
1158.0;15;0;2.5
1159.0;15;0;2.4
1160.0;15;0;2.4
1161.0;15;0;2.2
1162.0;15;0;2.2
1163.0;15;0;2.0
1164.0;15;0;1.9
1165.0;15;0;1.8
1166.0;15;0;2.0
1167.0;15;0;2.1
1168.0;15;0;2.0
1169.0;15;0;2.3
1170.0;15;0;2.2
1171.0;15;0;2.3
1172.0;15;0;2.2
1173.0;15;0;2.5
1174.0;15;0;2.4
1175.0;15;0;2.5
1176.0;15;0;2.5
1177.0;15;0;2.3
1178.0;15;0;2.6
1179.0;15;0;2.6
1180.0;15;0;2.6
1181.0;15;0;2.7
1182.0;15;0;2.6
1183.0;15;0;2.4
1184.0;15;0;2.4
1185.0;15;0;2.2
1186.0;15;0;2.1
1187.0;15;0;2.3
1188.0;15;0;2.0
1189.0;15;0;2.0
1190.0;15;0;2.2
1191.0;15;0;2.1
1192.0;15;0;2.4
1193.0;15;0;2.5
1194.0;15;0;2.7
1195.0;15;0;2.7
1196.0;15;0;2.7
1197.0;15;0;2.5
1198.0;15;0;2.6
1199.0;15;0;2.4
1200.0;15;0;2.0
1201.0;15;0;2.1
1202.0;15;0;1.8
1203.0;15;0;1.7
1204.0;15;0;1.5
1205.0;15;0;1.5
1206.0;15;0;1.5
1207.0;15;0;1.6
1208.0;15;0;1.5
1209.0;15;0;1.7
1210.0;15;0;1.8
1211.0;15;0;1.8
1212.0;15;0;2.0
1213.0;15;0;1.9
1214.0;15;0;2.1
1215.0;15;0;2.4
1216.0;15;0;2.5
1217.0;15;0;2.8
1218.0;15;0;2.9
1219.0;15;0;3.0
1220.0;15;0;3.1
1221.0;15;0;3.1
1222.0;15;0;3.3
1223.0;15;0;3.6
1224.0;15;0;3.5
1225.0;15;0;3.2
1226.0;15;0;2.9
1227.0;15;0;2.5
1228.0;15;0;2.6
1229.0;15;0;2.3
1230.0;15;0;2.3
1231.0;15;0;2.4
1232.0;15;0;2.2
1233.0;15;0;2.0
1234.0;15;0;2.1
1235.0;15;0;2.2
1236.0;15;0;2.4
1237.0;15;0;2.5
1238.0;15;0;2.4
1239.0;15;0;2.4
1240.0;15;0;2.3
1241.0;15;0;2.0
1242.0;15;0;2.0
1243.0;15;0;2.2
1244.0;15;0;2.2
1245.0;15;0;2.1
1246.0;15;0;2.1
1247.0;15;0;2.2
1248.0;15;0;2.4
1249.0;15;0;2.8
1250.0;15;0;2.8
1251.0;15;0;2.7
1252.0;15;0;2.7
1253.0;15;0;2.4
1254.0;15;0;2.2
1255.0;15;0;2.3
1256.0;15;0;2.2
1257.0;15;0;2.0
1258.0;15;0;1.9
1259.0;15;0;1.7
1260.0;15;0;1.8
1261.0;15;0;2.0
1262.0;15;0;2.1
1263.0;15;0;2.3
1264.0;15;0;2.2
1265.0;15;0;2.3
1266.0;15;0;2.3
1267.0;15;0;2.4
1268.0;15;0;2.2
1269.0;15;0;2.1
1270.0;15;0;2.1
1271.0;15;0;2.2
1272.0;15;0;2.0
1273.0;15;0;1.8
1274.0;15;0;2.2
1275.0;15;0;2.3
1276.0;15;0;2.5
1277.0;15;0;2.5
1278.0;15;0;2.7
1279.0;15;0;2.7
1280.0;15;0;2.6
1281.0;15;0;2.5
1282.0;15;0;2.5
1283.0;15;0;2.4
1284.0;15;0;2.2
1285.0;15;0;2.0
1286.0;15;0;1.9
1287.0;15;0;1.8
1288.0;15;0;1.7
1289.0;15;0;1.8
1290.0;15;0;1.8
1291.0;15;0;1.8
1292.0;15;0;1.9
1293.0;15;0;2.3
1294.0;15;0;2.4
1295.0;15;0;2.6
1296.0;15;0;2.8
1297.0;15;0;3.0
1298.0;15;0;3.0
1299.0;15;0;2.8
1300.0;15;0;2.9
1301.0;15;0;3.0
1302.0;15;0;2.8
1303.0;15;0;2.6
1304.0;15;0;2.4
1305.0;15;0;2.0
1306.0;15;0;1.8
1307.0;15;0;1.7
1308.0;15;0;1.7
1309.0;15;0;2.0
1310.0;15;0;2.0
1311.0;15;0;1.9
1312.0;15;0;2.1
1313.0;15;0;2.0
1314.0;15;0;2.3
1315.0;15;0;2.5
1316.0;15;0;2.6
1317.0;15;0;2.5
1318.0;15;0;2.6
1319.0;15;0;2.7
1320.0;15;0;2.6
1321.0;15;0;2.6
1322.0;15;0;2.3
1323.0;15;0;2.6
1324.0;15;0;2.2
1325.0;15;0;2.2
1326.0;15;0;2.3
1327.0;15;0;2.5
1328.0;15;0;2.3
1329.0;15;0;1.9
1330.0;15;0;1.7
1331.0;15;0;1.7
1332.0;15;0;2.0
1333.0;15;0;2.0
1334.0;15;0;2.2
1335.0;15;0;2.1
1336.0;15;0;2.0
1337.0;15;0;2.0
1338.0;15;0;2.2
1339.0;15;0;2.3
1340.0;15;0;2.7
1341.0;15;0;2.8
1342.0;15;0;2.6
1343.0;15;0;2.3
1344.0;15;0;2.4
1345.0;15;0;2.3
1346.0;15;0;2.1
1347.0;15;0;2.1
1348.0;15;0;2.0
1349.0;15;0;2.0
1350.0;15;0;1.9
1351.0;15;0;1.9
1352.0;15;0;1.9
1353.0;15;0;2.1
1354.0;15;0;2.2
1355.0;15;0;2.5
1356.0;15;0;2.5
1357.0;15;0;2.4
1358.0;15;0;2.6
1359.0;15;0;2.5
1360.0;15;0;2.3
1361.0;15;0;2.0
1362.0;15;0;2.3
1363.0;15;0;2.3
1364.0;15;0;2.0
1365.0;15;0;2.0
1366.0;15;0;2.1
1367.0;15;0;2.2
1368.0;15;0;2.0
1369.0;15;0;2.0
1370.0;15;0;2.1
1371.0;15;0;2.2
1372.0;15;0;2.0
1373.0;15;0;1.9
1374.0;15;0;2.0
1375.0;15;0;2.0
1376.0;15;0;2.1
1377.0;15;0;2.0
1378.0;15;0;1.8
1379.0;15;0;2.0
1380.0;15;0;1.8
1381.0;15;0;1.8
1382.0;15;0;1.8
1383.0;15;0;1.8
1384.0;15;0;1.6
1385.0;15;0;1.6
1386.0;15;0;1.4
1387.0;15;0;1.4
1388.0;15;0;1.7
1389.0;15;0;1.7
1390.0;15;0;2.0
1391.0;15;0;2.2
1392.0;15;0;2.2
1393.0;15;0;2.2
1394.0;15;0;2.4
1395.0;15;0;2.2
1396.0;15;0;2.5
1397.0;15;0;2.7
1398.0;15;0;2.7
1399.0;15;0;2.5
1400.0;15;0;2.5
1401.0;15;0;2.3
1402.0;15;0;2.5
1403.0;15;0;2.5
1404.0;15;0;2.4
1405.0;15;0;2.4
1406.0;15;0;2.1
1407.0;15;0;1.8
1408.0;15;0;1.5
1409.0;15;0;1.7
1410.0;15;0;1.7
1411.0;15;0;1.8
1412.0;15;0;1.7
1413.0;15;0;1.8
1414.0;15;0;2.1
1415.0;15;0;2.2
1416.0;15;0;2.3
1417.0;15;0;2.4
1418.0;15;0;2.6
1419.0;15;0;2.4
1420.0;15;0;2.3
1421.0;15;0;2.5
1422.0;15;0;2.6
1423.0;15;0;2.3
1424.0;15;0;2.1
1425.0;15;0;2.2
1426.0;15;0;2.3
1427.0;15;0;2.2
1428.0;15;0;2.3
1429.0;15;0;2.5
1430.0;15;0;2.6
1431.0;15;0;2.5
1432.0;15;0;2.4
1433.0;15;0;2.5
1434.0;15;0;2.5
1435.0;15;0;2.6
1436.0;15;0;2.6
1437.0;15;0;2.9
1438.0;15;0;2.8
1439.0;15;0;2.9
1440.0;15;0;2.9
1441.0;15;0;2.8
1442.0;15;0;2.7
1443.0;15;0;2.7
1444.0;15;0;2.7
1445.0;15;0;2.5
1446.0;15;0;2.6
1447.0;15;0;2.5
1448.0;15;0;2.5
1449.0;15;0;2.6
1450.0;15;0;2.4
1451.0;15;0;2.4
1452.0;15;0;2.5
1453.0;15;0;2.7
1454.0;15;0;2.8
1455.0;15;0;2.9
1456.0;15;0;2.7
1457.0;15;0;2.6
1458.0;15;0;2.7
1459.0;15;0;2.4
1460.0;15;0;2.4
1461.0;15;0;2.4
1462.0;15;0;2.4
1463.0;15;0;2.5
1464.0;15;0;2.5
1465.0;15;0;2.4
1466.0;15;0;2.6
1467.0;15;0;2.7
1468.0;15;0;2.6
1469.0;15;0;2.4
1470.0;15;0;2.4
1471.0;15;0;2.4
1472.0;15;0;2.4
1473.0;15;0;2.2
1474.0;15;0;2.0
1475.0;15;0;2.2
1476.0;15;0;2.2
1477.0;15;0;2.0
1478.0;15;0;2.2
1479.0;15;0;2.6
1480.0;15;0;3.0
1481.0;15;0;3.0
1482.0;15;0;2.9
1483.0;15;0;3.1
1484.0;15;0;3.2
1485.0;15;0;3.1
1486.0;15;0;3.0
1487.0;15;0;3.1
1488.0;15;0;2.9
1489.0;15;0;2.7
1490.0;15;0;2.4
1491.0;15;0;2.5
1492.0;15;0;2.4
1493.0;15;0;2.2
1494.0;15;0;2.4
1495.0;15;0;2.4
1496.0;15;0;2.5
1497.0;15;0;2.5
1498.0;15;0;2.4
1499.0;15;0;2.4
1500.0;15;0;2.5
1501.0;15;0;2.5
1502.0;15;0;2.5
1503.0;15;0;2.5
1504.0;15;0;2.2
1505.0;15;0;2.0
1506.0;15;0;1.9
1507.0;15;0;1.9
1508.0;15;0;2.1
1509.0;15;0;2.3
1510.0;15;0;2.2
1511.0;15;0;2.1
1512.0;15;0;2.3
1513.0;15;0;2.3
1514.0;15;0;2.4
1515.0;15;0;2.5
1516.0;15;0;2.6
1517.0;15;0;2.5
1518.0;15;0;2.4
1519.0;15;0;2.2
1520.0;15;0;2.2
1521.0;15;0;2.1
1522.0;15;0;2.0
1523.0;15;0;2.2
1524.0;15;0;2.2
1525.0;15;0;2.1
1526.0;15;0;1.9
1527.0;15;0;2.0
1528.0;15;0;2.1
1529.0;15;0;2.1
1530.0;15;0;2.4
1531.0;15;0;2.6
1532.0;15;0;2.5
1533.0;15;0;2.5
1534.0;15;0;2.5
1535.0;15;0;2.6
1536.0;15;0;2.6
1537.0;15;0;2.6
1538.0;15;0;2.7
1539.0;15;0;2.7
1540.0;15;0;2.5
1541.0;15;0;2.5
1542.0;15;0;2.8
1543.0;15;0;2.6
1544.0;15;0;2.8
1545.0;15;0;2.7
1546.0;15;0;2.6
1547.0;15;0;2.4
1548.0;15;0;2.4
1549.0;15;0;2.6
1550.0;15;0;2.6
1551.0;15;0;2.6
1552.0;15;0;2.4
1553.0;15;0;2.6
1554.0;15;0;2.6
1555.0;15;0;2.8
1556.0;15;0;3.1
1557.0;15;0;3.3
1558.0;15;0;3.2
1559.0;15;0;3.1
1560.0;15;0;3.0
1561.0;15;0;2.8
1562.0;15;0;2.7
1563.0;15;0;2.8
1564.0;15;0;2.6
1565.0;15;0;2.7
1566.0;15;0;2.5
1567.0;15;0;2.4
1568.0;15;0;2.3
1569.0;15;0;2.2
1570.0;15;0;2.4
1571.0;15;0;2.4
1572.0;15;0;2.7
1573.0;15;0;2.4
1574.0;15;0;2.4
1575.0;15;0;2.5
1576.0;15;0;2.7
1577.0;15;0;3.0
1578.0;15;0;3.0
1579.0;15;0;3.1
1580.0;15;0;2.9
1581.0;15;0;3.0
1582.0;15;0;2.8
1583.0;15;0;2.8
1584.0;15;0;2.7
1585.0;15;0;2.3
1586.0;15;0;2.4
1587.0;15;0;2.2
1588.0;15;0;2.2
1589.0;15;0;2.3
1590.0;15;0;2.5
1591.0;15;0;2.6
1592.0;15;0;2.7
1593.0;15;0;2.9
1594.0;15;0;3.1
1595.0;15;0;3.1
1596.0;15;0;2.6
1597.0;15;0;2.7
1598.0;15;0;2.7
1599.0;15;0;2.4
1600.0;15;0;2.3
1601.0;15;0;2.4
1602.0;15;0;2.5
1603.0;15;0;2.3
1604.0;15;0;2.4
1605.0;15;0;2.7
1606.0;15;0;2.8
1607.0;15;0;2.7
1608.0;15;0;2.9
1609.0;15;0;3.0
1610.0;15;0;2.9
1611.0;15;0;2.8
1612.0;15;0;2.7
1613.0;15;0;2.7
1614.0;15;0;2.4
1615.0;15;0;2.3
1616.0;15;0;2.6
1617.0;15;0;2.6
1618.0;15;0;2.4
1619.0;15;0;2.4
1620.0;15;0;2.4
1621.0;15;0;2.3
1622.0;15;0;2.2
1623.0;15;0;2.3
1624.0;15;0;2.3
1625.0;15;0;2.4
1626.0;15;0;2.1
1627.0;15;0;2.3
1628.0;15;0;2.5
1629.0;15;0;2.4
1630.0;15;0;2.3
1631.0;15;0;2.6
1632.0;15;0;2.6
1633.0;15;0;2.5
1634.0;15;0;2.9
1635.0;15;0;2.9
1636.0;15;0;3.2
1637.0;15;0;3.1
1638.0;15;0;3.1
1639.0;15;0;3.4
1640.0;15;0;3.6
1641.0;15;0;3.2
1642.0;15;0;3.4
1643.0;15;0;3.3
1644.0;15;0;3.2
1645.0;15;0;3.0
1646.0;15;0;2.7
1647.0;15;0;2.6
1648.0;15;0;2.5
1649.0;15;0;2.4
1650.0;15;0;2.4
1651.0;15;0;2.5
1652.0;15;0;2.3
1653.0;15;0;2.5
1654.0;15;0;2.2
1655.0;15;0;2.3
1656.0;15;0;2.3
1657.0;15;0;2.2
1658.0;15;0;2.3
1659.0;15;0;2.1
1660.0;15;0;2.0
1661.0;15;0;1.8
1662.0;15;0;2.0
1663.0;15;0;2.0
1664.0;15;0;2.3
1665.0;15;0;2.2
1666.0;15;0;2.2
1667.0;15;0;2.3
1668.0;15;0;2.2
1669.0;15;0;2.2
1670.0;15;0;2.3
1671.0;15;0;2.4
1672.0;15;0;2.1
1673.0;15;0;2.1
1674.0;15;0;2.0
1675.0;15;0;2.2
1676.0;15;0;2.3
1677.0;15;0;2.4
1678.0;15;0;2.4
1679.0;15;0;2.5
1680.0;15;0;2.4
1681.0;15;0;2.5
1682.0;15;0;2.6
1683.0;15;0;2.5
1684.0;15;0;2.4
1685.0;15;0;2.1
1686.0;15;0;2.1
1687.0;15;0;2.1
1688.0;15;0;2.1
1689.0;15;0;2.1
1690.0;15;0;2.2
1691.0;15;0;2.1
1692.0;15;0;2.0
1693.0;15;0;1.9
1694.0;15;0;2.0
1695.0;15;0;2.1
1696.0;15;0;2.2
1697.0;15;0;2.2
1698.0;15;0;2.2
1699.0;15;0;2.3
1700.0;15;0;2.2
1701.0;15;0;2.3
1702.0;15;0;2.4
1703.0;15;0;2.5
1704.0;15;0;2.5
1705.0;15;0;2.5
1706.0;15;0;2.5
1707.0;15;0;2.6
1708.0;15;0;2.4
1709.0;15;0;2.3
1710.0;15;0;2.4
1711.0;15;0;2.4
1712.0;15;0;2.3
1713.0;15;0;2.5
1714.0;15;0;2.5
1715.0;15;0;2.5
1716.0;15;0;2.5
1717.0;15;0;2.3
1718.0;15;0;2.6
1719.0;15;0;2.6
1720.0;15;0;2.6
1721.0;15;0;2.8
1722.0;15;0;2.8
1723.0;15;0;2.6
1724.0;15;0;2.5
1725.0;15;0;2.7
1726.0;15;0;2.7
1727.0;15;0;2.8
1728.0;15;0;2.8
1729.0;15;0;2.8
1730.0;15;0;2.6
1731.0;15;0;2.6
1732.0;15;0;2.8
1733.0;15;0;2.7
1734.0;15;0;2.6
1735.0;15;0;2.3
1736.0;15;0;2.1
1737.0;15;0;1.9
1738.0;15;0;1.9
1739.0;15;0;1.7
1740.0;15;0;1.9
1741.0;15;0;1.7
1742.0;15;0;1.6
1743.0;15;0;1.9
1744.0;15;0;2.1
1745.0;15;0;2.4
1746.0;15;0;2.5
1747.0;15;0;2.7
1748.0;15;0;2.6
1749.0;15;0;2.9
1750.0;15;0;2.8
1751.0;15;0;3.0
1752.0;15;0;2.9
1753.0;15;0;2.9
1754.0;15;0;2.8
1755.0;15;0;2.6
1756.0;15;0;2.7
1757.0;15;0;2.8
1758.0;15;0;2.5
1759.0;15;0;2.5
1760.0;15;0;2.5
1761.0;15;0;2.4
1762.0;15;0;2.5
1763.0;15;0;2.2
1764.0;15;0;2.3
1765.0;15;0;2.4
1766.0;15;0;2.4
1767.0;15;0;2.1
1768.0;15;0;2.4
1769.0;15;0;2.4
1770.0;15;0;2.4
1771.0;15;0;2.3
1772.0;15;0;2.4
1773.0;15;0;2.6
1774.0;15;0;2.7
1775.0;15;0;2.6
1776.0;15;0;2.7
1777.0;15;0;2.9
1778.0;15;0;2.8
1779.0;15;0;2.8
1780.0;15;0;2.8
1781.0;15;0;2.8
1782.0;15;0;2.8
1783.0;15;0;2.8
1784.0;15;0;2.6
1785.0;15;0;2.4
1786.0;15;0;2.1
1787.0;15;0;2.0
1788.0;15;0;1.9
1789.0;15;0;1.9
1790.0;15;0;2.0
1791.0;15;0;2.1
1792.0;15;0;2.2
1793.0;15;0;2.3
1794.0;15;0;2.4
1795.0;15;0;2.6
1796.0;15;0;2.7
1797.0;15;0;2.7
1798.0;15;0;3.0
1799.0;15;0;2.9
1800.0;15;0;2.8
1801.0;15;0;2.7
1802.0;15;0;2.5
1803.0;15;0;2.2
1804.0;15;0;2.1
1805.0;15;0;2.1
1806.0;15;0;2.3
1807.0;15;0;2.3
1808.0;15;0;2.1
1809.0;15;0;2.3
1810.0;15;0;2.4
1811.0;15;0;2.5
1812.0;15;0;2.4
1813.0;15;0;2.5
1814.0;15;0;2.6
1815.0;15;0;2.8
1816.0;15;0;2.5
1817.0;15;0;2.4
1818.0;15;0;2.5
1819.0;15;0;2.4
1820.0;15;0;2.2
1821.0;15;0;2.3
1822.0;15;0;2.4
1823.0;15;0;2.4
1824.0;15;0;2.3
1825.0;15;0;2.2
1826.0;15;0;2.4
1827.0;15;0;2.8
1828.0;15;0;2.7
1829.0;15;0;2.6
1830.0;15;0;2.9
1831.0;15;0;2.6
1832.0;15;0;2.5
1833.0;15;0;2.6
1834.0;15;0;2.5
1835.0;15;0;2.5
1836.0;15;0;2.3
1837.0;15;0;2.1
1838.0;15;0;2.1
1839.0;15;0;2.0
1840.0;15;0;1.8
1841.0;15;0;2.0
1842.0;15;0;2.1
1843.0;15;0;1.9
1844.0;15;0;2.2
1845.0;15;0;2.1
1846.0;15;0;2.3
1847.0;15;0;2.1
1848.0;15;0;2.3
1849.0;15;0;2.5
1850.0;15;0;2.5
1851.0;15;0;2.5
1852.0;15;0;2.7
1853.0;15;0;2.9
1854.0;15;0;2.9
1855.0;15;0;3.0
1856.0;15;0;3.0
1857.0;15;0;3.2
1858.0;15;0;3.1
1859.0;15;0;3.0
1860.0;15;0;3.1
1861.0;15;0;3.1
1862.0;15;0;2.9
1863.0;15;0;2.7
1864.0;15;0;2.7
1865.0;15;0;2.7
1866.0;15;0;2.6
1867.0;15;0;2.4
1868.0;15;0;2.5
1869.0;15;0;2.5
1870.0;15;0;2.6
1871.0;15;0;2.8
1872.0;15;0;2.9
1873.0;15;0;3.0
1874.0;15;0;2.6
1875.0;15;0;2.4
1876.0;15;0;2.5
1877.0;15;0;2.6
1878.0;15;0;2.5
1879.0;15;0;2.7
1880.0;15;0;2.5
1881.0;15;0;2.0
1882.0;15;0;1.9
1883.0;15;0;1.8
1884.0;15;0;2.0
1885.0;15;0;2.3
1886.0;15;0;2.2
1887.0;15;0;2.2
1888.0;15;0;2.1
1889.0;15;0;1.9
1890.0;15;0;1.8
1891.0;15;0;2.2
1892.0;15;0;2.3
1893.0;15;0;2.4
1894.0;15;0;2.4
1895.0;15;0;2.3
1896.0;15;0;2.3
1897.0;15;0;2.3
1898.0;15;0;2.3
1899.0;15;0;2.3
1900.0;15;0;2.4
1901.0;15;0;2.1
1902.0;15;0;2.2
1903.0;15;0;2.3
1904.0;15;0;2.3
1905.0;15;0;2.2
1906.0;15;0;2.3
1907.0;15;0;2.6
1908.0;15;0;2.8
1909.0;15;0;2.8
1910.0;15;0;2.9
1911.0;15;0;3.0
1912.0;15;0;2.8
1913.0;15;0;3.0
1914.0;15;0;3.1
1915.0;15;0;3.2
1916.0;15;0;3.2
1917.0;15;0;3.0
1918.0;15;0;2.7
1919.0;15;0;2.8
1920.0;15;0;2.9
1921.0;15;0;2.8
1922.0;15;0;2.8
1923.0;15;0;2.5
1924.0;15;0;2.5
1925.0;15;0;2.5
1926.0;15;0;2.5
1927.0;15;0;2.5
1928.0;15;0;2.5
1929.0;15;0;2.5
1930.0;15;0;2.4
1931.0;15;0;2.6
1932.0;15;0;2.7
1933.0;15;0;2.8
1934.0;15;0;2.9
1935.0;15;0;2.7
1936.0;15;0;2.8
1937.0;15;0;3.0
1938.0;15;0;3.3
1939.0;15;0;3.3
1940.0;15;0;3.4
1941.0;15;0;3.4
1942.0;15;0;3.5
1943.0;15;0;3.3
1944.0;15;0;3.1
1945.0;15;0;3.3
1946.0;15;0;3.2
1947.0;15;0;2.7
1948.0;15;0;2.5
1949.0;15;0;2.6
1950.0;15;0;2.5
1951.0;15;0;2.7
1952.0;15;0;2.4
1953.0;15;0;2.7
1954.0;15;0;2.6
1955.0;15;0;2.6
1956.0;15;0;2.6
1957.0;15;0;2.8
1958.0;15;0;2.8
1959.0;15;0;2.7
1960.0;15;0;2.5
1961.0;15;0;2.2
1962.0;15;0;2.4
1963.0;15;0;2.1
1964.0;15;0;2.1
1965.0;15;0;2.1
1966.0;15;0;2.1
1967.0;15;0;2.1
1968.0;15;0;2.0
1969.0;15;0;2.0
1970.0;15;0;1.9
1971.0;15;0;1.9
1972.0;15;0;2.0
1973.0;15;0;2.1
1974.0;15;0;2.2
1975.0;15;0;2.3
1976.0;15;0;2.3
1977.0;15;0;2.3
1978.0;15;0;2.7
1979.0;15;0;2.7
1980.0;15;0;3.0
1981.0;15;0;3.1
1982.0;15;0;3.0
1983.0;15;0;3.0
1984.0;15;0;3.1
1985.0;15;0;2.9
1986.0;15;0;2.8
1987.0;15;0;2.8
1988.0;15;0;2.7
1989.0;15;0;2.6
1990.0;15;0;2.7
1991.0;15;0;2.5
1992.0;15;0;2.5
1993.0;15;0;2.4
1994.0;15;0;2.3
1995.0;15;0;2.2
1996.0;15;0;2.3
1997.0;15;0;2.3
1998.0;15;0;2.2
1999.0;15;0;2.3
2000.0;15;0;2.4
2001.0;15;0;2.4
2002.0;15;0;2.3
2003.0;15;0;2.4
2004.0;15;0;2.4
2005.0;15;0;2.5
2006.0;15;0;2.5
2007.0;15;0;2.4
2008.0;15;0;2.5
2009.0;15;0;2.5
2010.0;15;0;2.1
2011.0;15;0;2.2
2012.0;15;0;2.2
2013.0;15;0;2.5
2014.0;15;0;2.6
2015.0;15;0;2.5
2016.0;15;0;2.6
2017.0;15;0;2.8
2018.0;15;0;2.4
2019.0;15;0;2.3
2020.0;15;0;2.5
2021.0;15;0;2.5
2022.0;15;0;2.5
2023.0;15;0;2.3
2024.0;15;0;2.3
2025.0;15;0;2.4
2026.0;15;0;2.1
2027.0;15;0;2.2
2028.0;15;0;2.4
2029.0;15;0;2.3
2030.0;15;0;2.3
2031.0;15;0;2.1
2032.0;15;0;2.2
2033.0;15;0;2.1
2034.0;15;0;2.0
2035.0;15;0;2.1
2036.0;15;0;2.2
2037.0;15;0;2.1
2038.0;15;0;2.1
2039.0;15;0;2.4
2040.0;15;0;2.3
2041.0;15;0;2.6
2042.0;15;0;2.5
2043.0;15;0;2.5
2044.0;15;0;2.7
2045.0;15;0;2.7
2046.0;15;0;2.8
2047.0;15;0;2.8
2048.0;15;0;2.7
2049.0;15;0;2.4
2050.0;15;0;2.4
2051.0;15;0;2.1
2052.0;15;0;2.2
2053.0;15;0;2.2
2054.0;15;0;2.2
2055.0;15;0;2.2
2056.0;15;0;2.0
2057.0;15;0;2.1
2058.0;15;0;2.2
2059.0;15;0;2.4
2060.0;15;0;2.5
2061.0;15;0;2.8
2062.0;15;0;2.7
2063.0;15;0;2.8
2064.0;15;0;2.5
2065.0;15;0;2.4
2066.0;15;0;2.7
2067.0;15;0;2.4
2068.0;15;0;2.6
2069.0;15;0;2.5
2070.0;15;0;2.6
2071.0;15;0;2.6
2072.0;15;0;2.7
2073.0;15;0;2.7
2074.0;15;0;2.7
2075.0;15;0;2.7
2076.0;15;0;2.7
2077.0;15;0;2.6
2078.0;15;0;2.5
2079.0;15;0;2.6
2080.0;15;0;2.3
2081.0;15;0;2.1
2082.0;15;0;2.2
2083.0;15;0;2.2
2084.0;15;0;2.3
2085.0;15;0;2.5
2086.0;15;0;2.3
2087.0;15;0;2.6
2088.0;15;0;2.4
2089.0;15;0;2.3
2090.0;15;0;2.4
2091.0;15;0;2.5
2092.0;15;0;2.3
2093.0;15;0;2.1
2094.0;15;0;2.2
2095.0;15;0;2.0
2096.0;15;0;2.3
2097.0;15;0;2.3
2098.0;15;0;2.5
2099.0;15;0;2.6
2100.0;15;0;2.7
2101.0;15;0;2.7
2102.0;15;0;2.8
2103.0;15;0;3.1
2104.0;15;0;3.1
2105.0;15;0;3.0
2106.0;15;0;2.9
2107.0;15;0;2.7
2108.0;15;0;2.7
2109.0;15;0;2.6
2110.0;15;0;2.4
2111.0;15;0;2.4
2112.0;15;0;2.4
2113.0;15;0;2.2
2114.0;15;0;2.2
2115.0;15;0;2.2
2116.0;15;0;2.3
2117.0;15;0;2.6
2118.0;15;0;2.6
2119.0;15;0;2.7
2120.0;15;0;2.9
2121.0;15;0;2.8
2122.0;15;0;2.7
2123.0;15;0;2.7
2124.0;15;0;2.9
2125.0;15;0;2.9
2126.0;15;0;2.7
2127.0;15;0;2.6
2128.0;15;0;2.7
2129.0;15;0;2.4
2130.0;15;0;2.5
2131.0;15;0;2.8
2132.0;15;0;2.9
2133.0;15;0;3.0
2134.0;15;0;2.8
2135.0;15;0;2.8
2136.0;15;0;2.8
2137.0;15;0;2.7
2138.0;15;0;2.6
2139.0;15;0;3.1
2140.0;15;0;2.9
2141.0;15;0;2.9
2142.0;15;0;2.9
2143.0;15;0;2.9
2144.0;15;0;3.0
2145.0;15;0;3.2
2146.0;15;0;3.3
2147.0;15;0;3.2
2148.0;15;0;3.3
2149.0;15;0;2.9
2150.0;15;0;3.1
2151.0;15;0;3.0
2152.0;15;0;3.1
2153.0;15;0;2.9
2154.0;15;0;2.9
2155.0;15;0;2.9
2156.0;15;0;2.8
2157.0;15;0;3.0
2158.0;15;0;2.8
2159.0;15;0;2.8
2160.0;15;0;2.9
2161.0;15;0;2.8
2162.0;15;0;2.7
2163.0;15;0;2.9
2164.0;15;0;2.7
2165.0;15;0;2.8
2166.0;15;0;2.8
2167.0;15;0;2.7
2168.0;15;0;2.6
2169.0;15;0;2.7
2170.0;15;0;2.7
2171.0;15;0;2.9
2172.0;15;0;3.0
2173.0;15;0;3.0
2174.0;15;0;3.1
2175.0;15;0;3.2
2176.0;15;0;3.2
2177.0;15;0;3.3
2178.0;15;0;3.3
2179.0;15;0;3.3
2180.0;15;0;3.1
2181.0;15;0;2.8
2182.0;15;0;2.7
2183.0;15;0;2.8
2184.0;15;0;2.7
2185.0;15;0;2.5
2186.0;15;0;2.6
2187.0;15;0;2.5
2188.0;15;0;2.8
2189.0;15;0;2.8
2190.0;15;0;2.7
2191.0;15;0;2.7
2192.0;15;0;2.6
2193.0;15;0;2.6
2194.0;15;0;2.7
2195.0;15;0;2.7
2196.0;15;0;2.4
2197.0;15;0;2.5
2198.0;15;0;2.3
2199.0;15;0;2.5
2200.0;15;0;2.6
2201.0;15;0;2.8
2202.0;15;0;2.8
2203.0;15;0;2.7
2204.0;15;0;2.7
2205.0;15;0;2.8
2206.0;15;0;3.0
2207.0;15;0;2.9
2208.0;15;0;3.0
2209.0;15;0;2.9
2210.0;15;0;2.7
2211.0;15;0;2.9
2212.0;15;0;3.1
2213.0;15;0;3.1
2214.0;15;0;2.9
2215.0;15;0;2.8
2216.0;15;0;2.9
2217.0;15;0;3.0
2218.0;15;0;2.9
2219.0;15;0;3.0
2220.0;15;0;3.0
2221.0;15;0;2.7
2222.0;15;0;2.5
2223.0;15;0;2.5
2224.0;15;0;2.7
2225.0;15;0;2.6
2226.0;15;0;2.3
2227.0;15;0;2.3
2228.0;15;0;2.4
2229.0;15;0;2.1
2230.0;15;0;2.3
2231.0;15;0;2.3
2232.0;15;0;2.4
2233.0;15;0;2.2
2234.0;15;0;2.1
2235.0;15;0;2.2
2236.0;15;0;2.4
2237.0;15;0;2.2
2238.0;15;0;2.1
2239.0;15;0;2.4
2240.0;15;0;2.4
2241.0;15;0;2.4
2242.0;15;0;2.4
2243.0;15;0;2.8
2244.0;15;0;2.9
2245.0;15;0;2.8
2246.0;15;0;2.7
2247.0;15;0;2.9
2248.0;15;0;3.1
2249.0;15;0;2.7
2250.0;15;0;2.7
2251.0;15;0;2.9
2252.0;15;0;2.9
2253.0;15;0;2.8
2254.0;15;0;2.7
2255.0;15;0;3.0
2256.0;15;0;3.2
2257.0;15;0;3.1
2258.0;15;0;2.9
2259.0;15;0;3.1
2260.0;15;0;3.1
2261.0;15;0;2.8
2262.0;15;0;2.6
2263.0;15;0;2.4
2264.0;15;0;2.5
2265.0;15;0;2.4
2266.0;15;0;2.2
2267.0;15;0;2.2
2268.0;15;0;2.3
2269.0;15;0;2.4
2270.0;15;0;2.2
2271.0;15;0;2.3
2272.0;15;0;2.5
2273.0;15;0;2.6
2274.0;15;0;2.6
2275.0;15;0;2.5
2276.0;15;0;2.6
2277.0;15;0;2.7
2278.0;15;0;2.9
2279.0;15;0;3.0
2280.0;15;0;3.2
2281.0;15;0;3.2
2282.0;15;0;3.3
2283.0;15;0;3.2
2284.0;15;0;3.3
2285.0;15;0;3.3
2286.0;15;0;3.1
2287.0;15;0;3.0
2288.0;15;0;3.0
2289.0;15;0;3.0
2290.0;15;0;2.9
2291.0;15;0;3.1
2292.0;15;0;2.9
2292.0;15;0;2.9
