"tick";"NormativeNetworkCardinality";"NormativeSystemMinimality";"NormativeSystemFitoussiMinimality";"AvgNonRegulatedCollisions"
1;2.0;0;0;0;0.0
1;3.0;0;0;0;0.0
1;4.0;0;0;0;0.0
1;5.0;0;0;0;0.0
1;6.0;0;0;0;0.0
1;7.0;0;0;0;0.0
1;8.0;0;0;0;0.0
1;9.0;0;0;0;0.0
1;10.0;0;0;0;0.0
1;11.0;0;0;0;0.0
1;12.0;1;1;0;0.1
1;13.0;2;2;1;0.4
1;14.0;4;2;2;0.4
1;15.0;4;2;3;0.4
1;16.0;5;3;3;0.5
1;17.0;6;4;4;0.7
1;18.0;8;4;5;0.8
1;19.0;10;4;8;0.8
1;20.0;10;4;9;0.8
1;21.0;10;4;9;0.8
1;22.0;12;4;9;0.7
1;23.0;12;4;9;0.4
1;24.0;12;4;9;0.4
1;25.0;12;4;9;0.4
1;26.0;12;4;9;0.3
1;27.0;12;4;9;0.1
1;28.0;12;4;9;0.0
1;29.0;12;4;9;0.0
1;30.0;12;4;9;0.0
1;31.0;12;4;9;0.0
1;32.0;12;4;9;0.0
1;33.0;12;4;9;0.0
1;34.0;12;4;9;0.0
1;35.0;12;4;9;0.0
1;36.0;12;4;9;0.0
1;37.0;12;4;9;0.0
1;38.0;12;4;9;0.0
1;39.0;12;4;9;0.1
1;40.0;12;4;9;0.1
1;41.0;12;4;9;0.1
1;42.0;12;4;9;0.1
1;43.0;12;4;9;0.1
1;44.0;12;4;9;0.1
1;45.0;12;4;9;0.1
1;46.0;12;4;9;0.1
1;47.0;16;6;9;0.2
1;48.0;16;6;12;0.2
1;49.0;16;6;12;0.1
1;50.0;16;6;12;0.1
1;51.0;17;6;12;0.1
1;52.0;26;3;12;0.1
1;53.0;26;3;16;0.1
1;54.0;26;3;16;0.1
1;55.0;26;3;16;0.1
1;56.0;26;3;16;0.1
1;57.0;26;3;16;0.0
1;58.0;26;3;16;0.0
1;59.0;26;3;16;0.0
1;60.0;28;3;16;0.0
1;61.0;28;3;16;0.0
1;62.0;29;3;16;0.0
1;63.0;29;3;16;0.0
1;64.0;29;3;16;0.1
1;65.0;29;3;16;0.1
1;66.0;29;3;16;0.1
1;67.0;29;3;16;0.1
1;68.0;30;5;16;0.1
1;69.0;30;6;15;0.3
1;70.0;30;6;16;0.3
1;71.0;30;6;16;0.3
1;72.0;30;6;16;0.3
1;73.0;30;6;16;0.3
1;74.0;30;6;16;0.2
1;75.0;30;6;16;0.2
1;76.0;30;6;16;0.2
1;77.0;30;6;16;0.2
1;78.0;30;6;16;0.2
1;79.0;30;6;16;0.0
1;80.0;30;6;16;0.0
1;81.0;30;6;16;0.0
1;82.0;30;6;16;0.0
1;83.0;30;6;16;0.0
1;84.0;30;6;16;0.0
1;85.0;30;6;16;0.0
1;86.0;30;6;16;0.0
1;87.0;30;6;16;0.1
1;88.0;30;6;16;0.1
1;89.0;30;6;16;0.1
1;90.0;30;6;16;0.1
1;91.0;30;6;16;0.1
1;92.0;30;6;16;0.1
1;93.0;30;6;16;0.1
1;94.0;30;6;16;0.1
1;95.0;32;7;16;0.2
1;96.0;32;4;18;0.2
1;97.0;32;4;18;0.1
1;98.0;32;4;18;0.1
1;99.0;32;4;18;0.1
1;100.0;32;4;18;0.1
1;101.0;32;4;18;0.1
1;102.0;32;4;18;0.1
1;103.0;34;5;18;0.1
1;104.0;39;1;22;0.1
1;105.0;40;1;24;0.0
1;106.0;40;1;24;0.0
1;107.0;40;1;24;0.0
1;108.0;40;1;24;0.0
1;109.0;40;1;24;0.0
1;110.0;40;1;24;0.0
1;111.0;40;1;24;0.0
1;112.0;40;1;24;0.0
1;113.0;42;6;24;0.0
1;114.0;43;5;22;0.0
1;115.0;43;5;23;0.0
1;116.0;43;5;23;0.0
1;117.0;44;6;23;0.0
1;118.0;44;6;23;0.0
1;119.0;44;6;23;0.0
1;120.0;44;6;23;0.0
1;121.0;46;7;23;0.0
1;122.0;47;7;23;0.0
1;123.0;54;8;23;0.0
1;124.0;54;8;23;0.0
1;125.0;56;8;23;0.0
1;126.0;57;8;23;0.0
1;127.0;58;8;23;0.0
1;128.0;58;8;23;0.0
1;129.0;58;8;23;0.0
1;130.0;58;8;23;0.0
1;131.0;58;8;23;0.0
1;132.0;58;8;23;0.0
1;133.0;58;8;23;0.0
1;134.0;58;8;23;0.0
1;135.0;58;8;23;0.0
1;136.0;58;8;23;0.0
1;137.0;58;8;23;0.0
1;138.0;58;8;23;0.0
1;139.0;58;8;23;0.0
1;140.0;58;8;23;0.0
1;141.0;58;8;23;0.0
1;142.0;58;8;23;0.0
1;143.0;58;8;23;0.0
1;144.0;58;8;23;0.0
1;145.0;58;8;23;0.0
1;146.0;58;8;23;0.0
1;147.0;58;8;23;0.0
1;148.0;58;8;23;0.0
1;149.0;58;8;23;0.0
1;150.0;58;8;23;0.0
1;151.0;58;8;23;0.0
1;152.0;58;8;23;0.0
1;153.0;58;8;23;0.0
1;154.0;58;8;23;0.0
1;155.0;58;8;23;0.0
1;156.0;58;7;23;0.0
1;157.0;58;7;22;0.0
1;158.0;60;7;22;0.0
1;159.0;60;7;22;0.0
1;160.0;60;7;22;0.0
1;161.0;60;7;22;0.0
1;162.0;60;7;22;0.0
1;163.0;60;7;22;0.0
1;164.0;60;7;22;0.0
1;165.0;60;7;22;0.0
1;166.0;60;7;22;0.0
1;167.0;60;7;22;0.0
1;168.0;60;7;22;0.0
1;169.0;60;7;22;0.0
1;170.0;60;7;22;0.0
1;171.0;60;7;22;0.0
1;172.0;60;7;22;0.0
1;173.0;60;7;22;0.0
1;174.0;60;7;22;0.0
1;175.0;60;7;22;0.0
1;176.0;60;7;22;0.0
1;177.0;60;7;22;0.0
1;178.0;60;7;22;0.0
1;179.0;60;7;22;0.0
1;180.0;60;7;22;0.0
1;181.0;60;7;22;0.0
1;182.0;60;7;22;0.0
1;183.0;60;7;22;0.0
1;184.0;60;7;22;0.0
1;185.0;60;7;22;0.0
1;186.0;60;7;22;0.0
1;187.0;60;7;22;0.0
1;188.0;60;7;22;0.0
1;189.0;60;7;22;0.0
1;190.0;60;7;22;0.0
1;191.0;60;7;22;0.0
1;192.0;60;7;22;0.0
1;193.0;60;7;22;0.0
1;194.0;60;7;22;0.0
1;195.0;60;7;22;0.0
1;196.0;60;7;22;0.0
1;197.0;60;7;22;0.0
1;198.0;60;7;22;0.0
1;199.0;60;7;22;0.0
1;200.0;60;7;22;0.0
1;201.0;60;7;22;0.0
1;202.0;60;7;22;0.0
1;203.0;60;7;22;0.0
1;204.0;60;7;22;0.0
1;205.0;60;7;22;0.0
1;206.0;60;7;22;0.0
1;207.0;60;7;22;0.0
1;208.0;60;7;22;0.0
1;209.0;60;7;22;0.0
1;210.0;60;7;22;0.0
1;211.0;60;7;22;0.0
1;212.0;60;7;22;0.0
1;213.0;60;7;22;0.0
1;214.0;60;7;22;0.0
1;215.0;60;7;22;0.0
1;216.0;60;7;22;0.0
1;217.0;60;7;22;0.0
1;218.0;60;7;22;0.0
1;219.0;60;7;22;0.0
1;220.0;60;7;22;0.0
1;221.0;60;7;22;0.0
1;222.0;60;7;22;0.0
1;223.0;60;7;22;0.0
1;224.0;60;7;22;0.0
1;225.0;60;7;22;0.0
1;226.0;60;7;22;0.0
1;227.0;60;7;22;0.0
1;228.0;60;7;22;0.0
1;229.0;60;7;22;0.0
1;230.0;60;7;22;0.0
1;231.0;60;7;22;0.0
1;232.0;60;7;22;0.0
1;233.0;60;7;22;0.0
1;234.0;60;7;22;0.0
1;235.0;60;7;22;0.0
1;236.0;60;7;22;0.0
1;237.0;60;7;22;0.0
1;238.0;60;7;22;0.0
1;239.0;60;7;22;0.0
1;240.0;60;7;22;0.0
1;241.0;60;7;22;0.0
1;242.0;60;7;22;0.0
1;243.0;60;7;22;0.0
1;244.0;60;7;22;0.0
1;245.0;60;7;22;0.0
1;246.0;60;7;22;0.0
1;247.0;60;7;22;0.0
1;248.0;60;7;22;0.0
1;249.0;60;7;22;0.0
1;250.0;60;7;22;0.0
1;251.0;60;7;22;0.0
1;252.0;60;7;22;0.0
1;253.0;60;7;22;0.0
1;254.0;60;7;22;0.0
1;255.0;60;7;22;0.0
1;256.0;60;7;22;0.0
1;257.0;60;7;22;0.0
1;258.0;60;7;22;0.0
1;259.0;60;7;22;0.0
1;260.0;60;7;22;0.0
1;261.0;60;7;22;0.0
1;262.0;60;7;22;0.0
1;263.0;60;7;22;0.0
1;264.0;60;7;22;0.0
1;265.0;60;7;22;0.0
1;266.0;60;7;22;0.0
1;267.0;60;7;22;0.0
1;268.0;60;7;22;0.0
1;269.0;60;7;22;0.0
1;270.0;60;7;22;0.0
1;271.0;60;7;22;0.0
1;272.0;60;7;22;0.0
1;273.0;60;7;22;0.0
1;274.0;60;7;22;0.0
1;275.0;60;7;22;0.0
1;276.0;60;7;22;0.0
1;277.0;60;7;22;0.0
1;278.0;60;7;22;0.0
1;279.0;60;7;22;0.0
1;280.0;60;7;22;0.0
1;281.0;60;7;22;0.0
1;282.0;60;7;22;0.0
1;283.0;60;7;22;0.0
1;284.0;60;7;22;0.0
1;285.0;60;7;22;0.0
1;286.0;60;7;22;0.0
1;287.0;60;7;22;0.0
1;288.0;60;7;22;0.0
1;289.0;60;7;22;0.0
1;290.0;60;7;22;0.0
1;291.0;60;7;22;0.0
1;292.0;60;7;22;0.0
1;293.0;60;7;22;0.0
1;294.0;60;7;22;0.0
1;295.0;60;7;22;0.0
1;296.0;60;7;22;0.0
1;297.0;60;7;22;0.0
1;298.0;60;7;22;0.0
1;299.0;60;7;22;0.0
1;300.0;60;7;22;0.0
1;301.0;60;7;22;0.0
1;302.0;60;7;22;0.0
1;303.0;60;7;22;0.0
1;304.0;60;7;22;0.0
1;305.0;60;7;22;0.0
1;306.0;60;7;22;0.0
1;307.0;60;7;22;0.0
1;308.0;60;7;22;0.0
1;309.0;60;7;22;0.0
1;310.0;60;7;22;0.0
1;311.0;60;7;22;0.0
1;312.0;60;7;22;0.0
1;313.0;60;7;22;0.0
1;314.0;60;7;22;0.0
1;315.0;60;7;22;0.0
1;316.0;60;7;22;0.0
1;317.0;60;7;22;0.0
1;318.0;60;7;22;0.0
1;319.0;60;7;22;0.0
1;320.0;60;7;22;0.0
1;321.0;60;7;22;0.0
1;322.0;60;7;22;0.0
1;323.0;60;7;22;0.0
1;324.0;60;7;22;0.0
1;325.0;60;7;22;0.0
1;326.0;60;7;22;0.0
1;327.0;60;7;22;0.0
1;328.0;60;7;22;0.0
1;329.0;60;7;22;0.0
1;330.0;60;7;22;0.0
1;331.0;60;7;22;0.0
1;332.0;60;7;22;0.0
1;333.0;60;7;22;0.0
1;334.0;60;7;22;0.0
1;335.0;60;7;22;0.0
1;336.0;60;7;22;0.0
1;337.0;60;7;22;0.0
1;338.0;60;7;22;0.0
1;339.0;60;7;22;0.0
1;340.0;60;7;22;0.0
1;341.0;60;7;22;0.0
1;342.0;60;7;22;0.0
1;343.0;60;7;22;0.0
1;344.0;60;7;22;0.0
1;345.0;60;7;22;0.0
1;346.0;60;7;22;0.0
1;347.0;60;7;22;0.0
1;348.0;60;7;22;0.0
1;349.0;60;7;22;0.0
1;350.0;60;7;22;0.0
1;351.0;60;7;22;0.0
1;352.0;60;7;22;0.0
1;353.0;60;7;22;0.0
1;354.0;60;7;22;0.0
1;355.0;60;7;22;0.0
1;356.0;60;7;22;0.0
1;357.0;60;7;22;0.0
1;358.0;60;7;22;0.0
1;359.0;60;7;22;0.0
1;360.0;60;7;22;0.0
1;361.0;60;7;22;0.0
1;362.0;60;7;22;0.0
1;363.0;60;7;22;0.0
1;364.0;60;7;22;0.0
1;365.0;60;7;22;0.0
1;366.0;60;7;22;0.0
1;367.0;60;7;22;0.0
1;368.0;60;7;22;0.0
1;369.0;60;7;22;0.0
1;370.0;60;7;22;0.0
1;371.0;60;7;22;0.0
1;372.0;60;7;22;0.0
1;373.0;60;7;22;0.0
1;374.0;60;7;22;0.0
1;375.0;60;7;22;0.0
1;376.0;60;7;22;0.0
1;377.0;60;7;22;0.0
1;378.0;60;7;22;0.0
1;379.0;60;7;22;0.0
1;380.0;60;7;22;0.0
1;381.0;60;7;22;0.0
1;382.0;60;7;22;0.0
1;383.0;60;7;22;0.0
1;384.0;60;7;22;0.0
1;385.0;60;7;22;0.0
1;386.0;60;7;22;0.0
1;387.0;60;7;22;0.0
1;388.0;60;7;22;0.0
1;389.0;60;7;22;0.0
1;390.0;60;7;22;0.0
1;391.0;60;7;22;0.0
1;392.0;60;7;22;0.0
1;393.0;60;7;22;0.0
1;394.0;60;7;22;0.0
1;395.0;60;7;22;0.0
1;396.0;60;7;22;0.0
1;397.0;60;7;22;0.0
1;398.0;60;7;22;0.0
1;399.0;60;7;22;0.0
1;400.0;60;7;22;0.0
1;401.0;60;7;22;0.0
1;402.0;60;7;22;0.0
1;403.0;60;7;22;0.0
1;404.0;60;7;22;0.0
1;405.0;60;7;22;0.0
1;406.0;60;7;22;0.0
1;407.0;60;7;22;0.0
1;408.0;60;7;22;0.0
1;409.0;60;7;22;0.0
1;410.0;60;7;22;0.0
1;411.0;60;7;22;0.0
1;412.0;60;7;22;0.0
1;413.0;60;7;22;0.0
1;414.0;60;7;22;0.0
1;415.0;60;7;22;0.0
1;416.0;60;7;22;0.0
1;417.0;60;7;22;0.0
1;418.0;60;7;22;0.0
1;419.0;60;7;22;0.0
1;420.0;60;7;22;0.0
1;421.0;60;7;22;0.0
1;422.0;60;7;22;0.0
1;423.0;60;7;22;0.0
1;424.0;60;7;22;0.0
1;425.0;60;7;22;0.0
1;426.0;60;7;22;0.0
1;427.0;60;7;22;0.0
1;428.0;60;7;22;0.0
1;429.0;60;7;22;0.0
1;430.0;60;7;22;0.0
1;431.0;60;7;22;0.0
1;432.0;60;7;22;0.0
1;433.0;60;7;22;0.0
1;434.0;60;7;22;0.0
1;435.0;60;7;22;0.0
1;436.0;60;7;22;0.0
1;437.0;60;7;22;0.0
1;438.0;60;7;22;0.0
1;439.0;60;7;22;0.0
1;440.0;60;7;22;0.0
1;441.0;60;7;22;0.0
1;442.0;60;7;22;0.0
1;443.0;60;7;22;0.0
1;444.0;60;7;22;0.0
1;445.0;60;7;22;0.0
1;446.0;60;7;22;0.0
1;447.0;60;7;22;0.0
1;448.0;60;7;22;0.0
1;449.0;60;7;22;0.0
1;450.0;60;7;22;0.0
1;451.0;60;7;22;0.0
1;452.0;60;7;22;0.0
1;453.0;60;7;22;0.0
1;454.0;60;7;22;0.0
1;455.0;60;7;22;0.0
1;456.0;60;7;22;0.0
1;457.0;60;7;22;0.0
1;458.0;60;7;22;0.0
1;459.0;60;7;22;0.0
1;460.0;60;7;22;0.0
1;461.0;60;7;22;0.0
1;462.0;60;7;22;0.0
1;463.0;60;7;22;0.0
1;464.0;60;7;22;0.0
1;465.0;60;7;22;0.0
1;466.0;60;7;22;0.0
1;467.0;60;7;22;0.0
1;468.0;60;7;22;0.0
1;469.0;60;7;22;0.0
1;470.0;60;7;22;0.0
1;471.0;60;7;22;0.0
1;472.0;60;7;22;0.0
1;473.0;60;7;22;0.0
1;474.0;60;7;22;0.0
1;475.0;60;7;22;0.0
1;476.0;60;7;22;0.0
1;477.0;60;7;22;0.0
1;478.0;60;7;22;0.0
1;479.0;60;7;22;0.0
1;480.0;60;7;22;0.0
1;481.0;60;7;22;0.0
1;482.0;60;7;22;0.0
1;483.0;60;7;22;0.0
1;484.0;60;7;22;0.0
1;485.0;60;7;22;0.0
1;486.0;60;7;22;0.0
1;487.0;60;7;22;0.0
1;488.0;60;7;22;0.0
1;489.0;60;7;22;0.0
1;490.0;60;7;22;0.0
1;491.0;60;7;22;0.0
1;492.0;60;7;22;0.0
1;493.0;60;7;22;0.0
1;494.0;60;7;22;0.0
1;495.0;60;7;22;0.0
1;496.0;60;7;22;0.0
1;497.0;60;7;22;0.0
1;498.0;60;7;22;0.0
1;499.0;60;7;22;0.0
1;500.0;60;7;21;0.0
1;501.0;60;7;21;0.0
1;502.0;60;7;21;0.2
1;503.0;60;7;21;0.3
1;504.0;60;7;21;0.3
1;505.0;60;7;21;0.3
1;506.0;60;8;21;0.5
1;507.0;60;8;22;0.5
1;508.0;60;8;22;0.5
1;509.0;60;8;22;0.5
1;510.0;60;8;22;0.5
1;511.0;60;8;22;0.5
1;512.0;60;7;22;0.3
1;513.0;60;7;21;0.2
1;514.0;60;7;21;0.2
1;515.0;60;7;21;0.2
1;516.0;60;7;21;0.0
1;517.0;60;7;21;0.0
1;518.0;60;7;21;0.0
1;519.0;60;7;21;0.0
1;520.0;60;7;21;0.0
1;521.0;60;7;21;0.0
1;522.0;60;7;21;0.0
1;523.0;60;7;21;0.0
1;524.0;60;7;21;0.0
1;525.0;60;7;21;0.0
1;526.0;60;7;21;0.0
1;527.0;60;7;21;0.0
1;528.0;60;7;21;0.0
1;529.0;60;7;21;0.0
1;530.0;60;7;21;0.0
1;531.0;60;7;21;0.0
1;532.0;60;7;21;0.0
1;533.0;60;7;21;0.0
1;534.0;60;7;21;0.0
1;535.0;60;7;21;0.0
1;536.0;60;7;21;0.0
1;537.0;60;7;21;0.0
1;538.0;60;7;21;0.0
1;539.0;60;7;21;0.0
1;540.0;60;6;21;0.0
1;541.0;60;6;20;0.0
1;542.0;60;6;20;0.0
1;543.0;60;6;20;0.0
1;544.0;60;6;20;0.0
1;545.0;60;6;20;0.0
1;546.0;60;6;20;0.0
1;547.0;60;6;20;0.0
1;548.0;60;6;20;0.0
1;549.0;60;6;20;0.0
1;550.0;60;6;20;0.0
1;551.0;60;6;20;0.0
1;552.0;60;6;20;0.0
1;553.0;60;6;20;0.0
1;554.0;60;6;20;0.0
1;555.0;60;6;20;0.0
1;556.0;60;6;20;0.0
1;557.0;60;6;20;0.0
1;558.0;60;6;20;0.0
1;559.0;60;6;20;0.0
1;560.0;60;6;20;0.0
1;561.0;60;6;20;0.0
1;562.0;60;6;20;0.0
1;563.0;60;6;20;0.0
1;564.0;60;6;20;0.0
1;565.0;60;6;20;0.0
1;566.0;60;6;20;0.0
1;567.0;60;5;20;0.0
1;568.0;60;5;19;0.0
1;569.0;60;5;19;0.0
1;570.0;60;5;19;0.0
1;571.0;60;5;19;0.0
1;572.0;60;5;19;0.0
1;573.0;60;5;19;0.0
1;574.0;60;6;19;0.1
1;575.0;60;6;20;0.1
1;576.0;60;6;20;0.1
1;577.0;60;6;20;0.1
1;578.0;60;6;20;0.1
1;579.0;60;6;20;0.1
1;580.0;60;6;20;0.1
1;581.0;60;6;20;0.1
1;582.0;60;6;20;0.1
1;583.0;60;6;20;0.1
1;584.0;60;6;20;0.0
1;585.0;60;6;20;0.0
1;586.0;60;6;20;0.0
1;587.0;60;6;20;0.0
1;588.0;60;6;20;0.0
1;589.0;60;6;20;0.0
1;590.0;60;6;20;0.0
1;591.0;60;6;20;0.0
1;592.0;60;6;20;0.0
1;593.0;60;6;20;0.0
1;594.0;60;6;20;0.0
1;595.0;60;6;20;0.0
1;596.0;60;6;20;0.0
1;597.0;60;6;20;0.0
1;598.0;60;6;20;0.0
1;599.0;60;6;20;0.0
1;600.0;60;6;20;0.0
1;601.0;60;6;20;0.0
1;602.0;60;6;20;0.0
1;603.0;60;6;20;0.0
1;604.0;60;6;20;0.0
1;605.0;60;6;20;0.0
1;606.0;60;6;20;0.0
1;607.0;60;6;20;0.0
1;608.0;60;6;20;0.0
1;609.0;60;6;20;0.0
1;610.0;60;6;20;0.0
1;611.0;60;6;20;0.0
1;612.0;60;6;20;0.0
1;613.0;60;6;20;0.0
1;614.0;60;6;20;0.0
1;615.0;60;6;20;0.0
1;616.0;60;6;20;0.0
1;617.0;60;6;20;0.0
1;618.0;60;6;20;0.0
1;619.0;60;6;20;0.0
1;620.0;60;6;20;0.0
1;621.0;60;6;20;0.0
1;622.0;60;6;20;0.0
1;623.0;60;6;20;0.0
1;624.0;60;6;20;0.0
1;625.0;60;6;20;0.0
1;626.0;60;6;20;0.0
1;627.0;60;6;20;0.0
1;628.0;60;6;20;0.0
1;629.0;60;6;20;0.0
1;630.0;60;6;20;0.0
1;631.0;60;6;20;0.0
1;632.0;60;6;20;0.0
1;633.0;60;6;20;0.0
1;634.0;60;5;20;0.0
1;635.0;60;5;19;0.0
1;636.0;60;5;19;0.0
1;637.0;60;5;19;0.0
1;638.0;60;5;19;0.0
1;639.0;60;5;19;0.0
1;640.0;60;6;19;0.1
1;641.0;60;6;20;0.1
1;642.0;60;6;20;0.1
1;643.0;60;6;20;0.1
1;644.0;60;6;20;0.1
1;645.0;60;6;20;0.1
1;646.0;60;6;20;0.1
1;647.0;60;6;20;0.1
1;648.0;60;6;20;0.1
1;649.0;60;6;20;0.1
1;650.0;60;6;20;0.0
1;651.0;60;6;20;0.0
1;652.0;60;6;20;0.0
1;653.0;60;6;20;0.0
1;654.0;60;6;20;0.0
1;655.0;60;6;20;0.0
1;656.0;60;6;20;0.0
1;657.0;60;6;20;0.0
1;658.0;60;6;20;0.0
1;659.0;60;6;20;0.0
1;660.0;60;6;20;0.0
1;661.0;60;6;20;0.0
1;662.0;60;6;20;0.0
1;663.0;60;6;20;0.0
1;664.0;60;6;20;0.0
1;665.0;60;6;20;0.0
1;666.0;60;6;20;0.0
1;667.0;60;6;20;0.0
1;668.0;60;6;20;0.0
1;669.0;60;6;20;0.0
1;670.0;60;6;20;0.0
1;671.0;60;6;20;0.0
1;672.0;60;6;20;0.0
1;673.0;60;6;20;0.0
1;674.0;60;6;20;0.0
1;675.0;60;6;20;0.0
1;676.0;60;6;20;0.0
1;677.0;60;6;20;0.0
1;678.0;60;6;20;0.0
1;679.0;60;6;20;0.0
1;680.0;60;6;20;0.0
1;681.0;60;6;20;0.0
1;682.0;60;6;20;0.0
1;683.0;60;6;20;0.0
1;684.0;60;6;20;0.0
1;685.0;60;6;20;0.0
1;686.0;60;6;20;0.0
1;687.0;60;6;20;0.0
1;688.0;60;6;20;0.0
1;689.0;60;6;20;0.0
1;690.0;60;6;20;0.0
1;691.0;60;6;20;0.0
1;692.0;60;6;20;0.0
1;693.0;60;6;20;0.0
1;694.0;60;6;20;0.0
1;695.0;60;6;20;0.0
1;696.0;60;6;20;0.0
1;697.0;60;6;20;0.0
1;698.0;60;6;20;0.0
1;699.0;60;6;20;0.0
1;700.0;60;6;20;0.0
1;701.0;60;6;20;0.0
1;702.0;60;6;20;0.0
1;703.0;60;6;20;0.0
1;704.0;60;6;20;0.0
1;705.0;60;6;20;0.0
1;706.0;60;6;20;0.0
1;707.0;60;6;20;0.0
1;708.0;60;6;20;0.0
1;709.0;60;6;20;0.0
1;710.0;60;6;20;0.0
1;711.0;60;6;20;0.0
1;712.0;60;6;20;0.0
1;713.0;60;6;20;0.0
1;714.0;60;6;20;0.0
1;715.0;60;6;20;0.0
1;716.0;60;6;20;0.0
1;717.0;60;6;20;0.0
1;718.0;60;6;20;0.0
1;719.0;60;6;20;0.0
1;720.0;60;6;20;0.0
1;721.0;60;6;20;0.0
1;722.0;60;6;20;0.0
1;723.0;60;6;20;0.0
1;724.0;60;6;20;0.0
1;725.0;60;6;20;0.0
1;726.0;60;6;20;0.0
1;727.0;60;5;20;0.0
1;728.0;60;5;19;0.0
1;729.0;60;5;19;0.0
1;730.0;60;5;19;0.2
1;731.0;60;5;19;0.2
1;732.0;60;5;19;0.2
1;733.0;60;5;19;0.2
1;734.0;60;5;19;0.2
1;735.0;60;5;19;0.4
1;736.0;60;5;19;0.5
1;737.0;60;5;19;0.6
1;738.0;60;5;19;0.8
1;739.0;60;5;19;0.8
1;740.0;60;5;19;0.7
1;741.0;60;6;19;1.0
1;742.0;60;6;20;1.0
1;743.0;60;6;20;1.0
1;744.0;60;6;20;1.0
1;745.0;60;6;20;0.8
1;746.0;60;6;20;0.7
1;747.0;60;6;20;0.6
1;748.0;60;6;20;0.4
1;749.0;60;6;20;0.4
1;750.0;60;6;20;0.3
1;751.0;60;6;20;0.0
1;752.0;60;6;20;0.0
1;753.0;60;6;20;0.0
1;754.0;60;6;20;0.0
1;755.0;60;6;20;0.0
1;756.0;60;6;20;0.0
1;757.0;60;6;20;0.0
1;758.0;60;6;20;0.0
1;759.0;60;6;20;0.0
1;760.0;60;6;20;0.0
1;761.0;60;6;20;0.0
1;762.0;60;6;20;0.0
1;763.0;60;6;20;0.0
1;764.0;60;6;20;0.0
1;765.0;60;6;20;0.0
1;766.0;60;6;20;0.0
1;767.0;60;6;20;0.0
1;768.0;60;6;20;0.0
1;769.0;60;6;20;0.0
1;770.0;60;6;20;0.0
1;771.0;60;6;20;0.0
1;772.0;60;6;20;0.0
1;773.0;60;6;20;0.0
1;774.0;60;6;20;0.0
1;775.0;60;6;20;0.0
1;776.0;60;6;20;0.0
1;777.0;60;6;20;0.0
1;778.0;60;6;20;0.0
1;779.0;60;6;20;0.0
1;780.0;60;6;20;0.0
1;781.0;60;6;20;0.0
1;782.0;60;6;20;0.0
1;783.0;60;6;20;0.0
1;784.0;60;6;20;0.0
1;785.0;60;6;20;0.0
1;786.0;60;6;20;0.0
1;787.0;60;6;20;0.0
1;788.0;60;6;20;0.0
1;789.0;60;6;20;0.0
1;790.0;60;6;20;0.0
1;791.0;60;6;20;0.0
1;792.0;60;6;20;0.0
1;793.0;60;6;20;0.0
1;794.0;60;6;20;0.0
1;795.0;60;6;20;0.0
1;796.0;60;6;20;0.0
1;797.0;60;6;20;0.0
1;798.0;60;6;20;0.0
1;799.0;60;6;20;0.0
1;800.0;60;6;20;0.0
1;801.0;60;6;20;0.0
1;802.0;60;5;20;0.0
1;803.0;60;5;19;0.0
1;804.0;60;5;19;0.0
1;805.0;60;6;19;0.1
1;806.0;60;6;20;0.1
1;807.0;60;6;20;0.1
1;808.0;60;6;20;0.1
1;809.0;60;6;20;0.1
1;810.0;60;6;20;0.1
1;811.0;60;6;20;0.1
1;812.0;60;6;20;0.1
1;813.0;60;6;20;0.1
1;814.0;60;6;20;0.1
1;815.0;60;6;20;0.0
1;816.0;60;6;20;0.0
1;817.0;60;6;20;0.0
1;818.0;60;6;20;0.0
1;819.0;60;6;20;0.0
1;820.0;60;7;20;0.0
1;821.0;60;7;19;0.0
1;822.0;60;7;19;0.0
1;823.0;60;7;19;0.0
1;824.0;60;7;19;0.0
1;825.0;60;7;19;0.0
1;826.0;60;7;19;0.0
1;827.0;60;7;19;0.0
1;828.0;60;7;19;0.0
1;829.0;60;7;19;0.0
1;830.0;60;7;19;0.0
1;831.0;60;7;19;0.0
1;832.0;60;7;19;0.0
1;833.0;60;7;19;0.0
1;834.0;60;7;19;0.0
1;835.0;60;7;19;0.0
1;836.0;60;7;19;0.0
1;837.0;60;7;19;0.0
1;838.0;60;7;19;0.0
1;839.0;60;7;19;0.0
1;840.0;60;7;19;0.0
1;841.0;60;7;19;0.0
1;842.0;60;7;19;0.0
1;843.0;60;7;19;0.0
1;844.0;60;7;19;0.0
1;845.0;60;7;19;0.0
1;846.0;60;7;19;0.0
1;847.0;60;7;19;0.0
1;848.0;60;7;19;0.0
1;849.0;60;7;19;0.0
1;850.0;60;7;19;0.0
1;851.0;60;7;19;0.0
1;852.0;60;7;19;0.0
1;853.0;60;7;19;0.0
1;854.0;60;7;19;0.0
1;855.0;60;7;19;0.0
1;856.0;60;7;19;0.0
1;857.0;60;7;19;0.0
1;858.0;60;7;19;0.0
1;859.0;60;7;19;0.0
1;860.0;60;7;19;0.0
1;861.0;60;7;19;0.0
1;862.0;60;7;19;0.0
1;863.0;60;8;19;0.0
1;864.0;60;8;20;0.0
1;865.0;60;8;20;0.0
1;866.0;60;8;20;0.0
1;867.0;60;8;20;0.0
1;868.0;60;8;20;0.0
1;869.0;60;8;20;0.0
1;870.0;60;8;20;0.0
1;871.0;60;8;20;0.0
1;872.0;60;8;20;0.0
1;873.0;60;8;20;0.0
1;874.0;60;7;20;0.0
1;875.0;60;7;19;0.0
1;876.0;60;7;19;0.0
1;877.0;60;7;19;0.0
1;878.0;60;7;19;0.1
1;879.0;60;7;19;0.2
1;880.0;60;7;19;0.2
1;881.0;60;7;19;0.2
1;882.0;60;8;19;0.4
1;883.0;60;8;20;0.4
1;884.0;60;8;20;0.4
1;885.0;60;8;20;0.4
1;886.0;60;8;20;0.4
1;887.0;60;8;20;0.4
1;888.0;60;8;20;0.3
1;889.0;60;8;20;0.2
1;890.0;60;8;20;0.2
1;891.0;60;8;20;0.2
1;892.0;60;8;20;0.0
1;893.0;60;8;20;0.0
1;894.0;60;8;20;0.0
1;895.0;60;8;20;0.0
1;896.0;60;8;20;0.0
1;897.0;60;8;20;0.0
1;898.0;60;8;20;0.0
1;899.0;60;8;20;0.0
1;900.0;60;8;20;0.0
1;901.0;60;8;20;0.0
1;902.0;60;8;20;0.0
1;903.0;60;8;20;0.0
1;904.0;60;8;20;0.0
1;905.0;60;8;20;0.0
1;906.0;60;8;20;0.0
1;907.0;60;8;20;0.0
1;908.0;60;8;20;0.0
1;909.0;60;8;20;0.0
1;910.0;60;8;20;0.0
1;911.0;60;8;20;0.0
1;912.0;60;8;20;0.0
1;913.0;60;8;20;0.0
1;914.0;60;8;20;0.0
1;915.0;60;8;20;0.0
1;916.0;60;8;20;0.0
1;917.0;60;8;20;0.0
1;918.0;60;8;20;0.0
1;919.0;60;8;20;0.0
1;920.0;60;8;20;0.0
1;921.0;60;8;20;0.0
1;922.0;60;8;20;0.0
1;923.0;60;8;20;0.0
1;924.0;60;8;20;0.0
1;925.0;60;8;20;0.0
1;926.0;60;8;20;0.0
1;927.0;60;8;20;0.0
1;928.0;60;8;20;0.0
1;929.0;60;8;20;0.0
1;930.0;60;8;20;0.0
1;931.0;60;8;20;0.0
1;932.0;60;8;20;0.0
1;933.0;60;8;20;0.0
1;934.0;60;8;20;0.0
1;935.0;60;7;20;0.0
1;936.0;60;7;19;0.0
1;937.0;60;7;19;0.0
1;938.0;60;7;19;0.1
1;939.0;60;7;19;0.1
1;940.0;60;7;19;0.1
1;941.0;60;7;19;0.1
1;942.0;60;7;19;0.1
1;943.0;60;7;19;0.3
1;944.0;60;7;19;0.3
1;945.0;60;8;19;0.5
1;946.0;60;8;20;0.5
1;947.0;60;8;20;0.5
1;948.0;60;8;20;0.4
1;949.0;60;8;20;0.4
1;950.0;60;8;20;0.4
1;951.0;60;8;20;0.4
1;952.0;60;8;20;0.4
1;953.0;60;8;20;0.2
1;954.0;60;8;20;0.2
1;955.0;60;8;20;0.0
1;956.0;60;8;20;0.0
1;957.0;60;8;20;0.0
1;958.0;60;8;20;0.0
1;959.0;60;8;20;0.0
1;960.0;60;8;20;0.0
1;961.0;60;8;20;0.0
1;962.0;60;8;20;0.0
1;963.0;60;8;20;0.0
1;964.0;60;8;20;0.0
1;965.0;60;8;20;0.0
1;966.0;60;8;20;0.0
1;967.0;60;8;20;0.0
1;968.0;60;8;20;0.0
1;969.0;60;8;20;0.0
1;970.0;60;8;20;0.0
1;971.0;60;8;20;0.0
1;972.0;60;8;20;0.0
1;973.0;60;8;20;0.0
1;974.0;60;8;20;0.0
1;975.0;60;8;20;0.0
1;976.0;60;8;20;0.0
1;977.0;60;8;20;0.0
1;978.0;60;8;20;0.0
1;979.0;60;8;20;0.0
1;980.0;60;8;20;0.0
1;981.0;60;8;20;0.0
1;982.0;60;8;20;0.0
1;983.0;60;8;20;0.0
1;984.0;60;8;20;0.0
1;985.0;60;8;20;0.0
1;986.0;60;8;20;0.0
1;987.0;60;8;20;0.0
1;988.0;60;8;20;0.0
1;989.0;60;8;20;0.0
1;990.0;60;8;20;0.0
1;991.0;60;8;20;0.0
1;992.0;60;8;20;0.0
1;993.0;60;8;20;0.0
1;994.0;60;8;20;0.0
1;995.0;60;8;20;0.0
1;996.0;60;8;20;0.0
1;997.0;60;7;20;0.0
1;998.0;60;7;19;0.0
1;999.0;60;8;19;0.1
1;1000.0;60;8;20;0.1
1;1001.0;60;8;20;0.1
1;1002.0;60;8;20;0.1
1;1003.0;60;10;20;0.1
1;1004.0;60;10;19;0.1
1;1005.0;60;10;19;0.1
1;1006.0;60;10;19;0.1
1;1007.0;60;10;19;0.1
1;1008.0;60;10;19;0.1
1;1009.0;60;10;19;0.0
1;1010.0;60;10;19;0.0
1;1011.0;60;10;19;0.0
1;1012.0;60;10;19;0.0
1;1013.0;60;10;19;0.0
1;1014.0;60;10;19;0.0
1;1015.0;60;10;19;0.0
1;1016.0;60;10;19;0.0
1;1017.0;60;10;19;0.0
1;1018.0;60;10;19;0.0
1;1019.0;60;10;19;0.0
1;1020.0;60;10;19;0.0
1;1021.0;60;10;19;0.0
1;1022.0;60;10;19;0.0
1;1023.0;60;10;19;0.0
1;1024.0;60;10;19;0.0
1;1025.0;60;10;19;0.0
1;1026.0;60;10;19;0.0
1;1027.0;60;10;19;0.0
1;1028.0;60;10;19;0.0
1;1029.0;60;10;19;0.0
1;1030.0;60;10;19;0.0
1;1031.0;60;10;19;0.0
1;1032.0;60;10;19;0.0
1;1033.0;60;10;19;0.0
1;1034.0;60;10;19;0.0
1;1035.0;60;10;19;0.0
1;1036.0;60;10;19;0.0
1;1037.0;60;11;19;0.0
1;1038.0;60;11;20;0.0
1;1039.0;60;11;20;0.0
1;1040.0;60;11;20;0.0
1;1041.0;60;11;20;0.0
1;1042.0;60;11;20;0.0
1;1043.0;60;11;20;0.0
1;1044.0;60;11;20;0.0
1;1045.0;60;11;20;0.0
1;1046.0;60;11;20;0.0
1;1047.0;60;11;20;0.0
1;1048.0;60;11;20;0.0
1;1049.0;60;11;20;0.0
1;1050.0;60;11;20;0.0
1;1051.0;60;11;20;0.0
1;1052.0;60;11;20;0.0
1;1053.0;60;11;20;0.0
1;1054.0;60;11;20;0.0
1;1055.0;60;11;20;0.0
1;1056.0;60;11;20;0.0
1;1057.0;60;11;20;0.0
1;1058.0;60;11;20;0.0
1;1059.0;60;11;20;0.0
1;1060.0;60;11;20;0.0
1;1061.0;60;11;20;0.0
1;1062.0;60;10;20;0.0
1;1063.0;60;10;19;0.0
1;1064.0;60;10;19;0.0
1;1065.0;60;10;19;0.0
1;1066.0;60;10;19;0.0
1;1067.0;60;10;19;0.0
1;1068.0;60;11;19;0.1
1;1069.0;60;11;20;0.1
1;1070.0;60;11;20;0.1
1;1071.0;60;11;20;0.1
1;1072.0;60;11;20;0.1
1;1073.0;60;11;20;0.1
1;1074.0;60;11;20;0.1
1;1075.0;60;11;20;0.1
1;1076.0;60;11;20;0.1
1;1077.0;60;11;20;0.1
1;1078.0;60;11;20;0.0
1;1079.0;60;11;20;0.0
1;1080.0;60;11;20;0.0
1;1081.0;60;11;20;0.0
1;1082.0;60;11;20;0.0
1;1083.0;60;11;20;0.0
1;1084.0;60;11;20;0.0
1;1085.0;60;11;20;0.0
1;1086.0;60;11;20;0.0
1;1087.0;60;11;20;0.0
1;1088.0;60;11;20;0.0
1;1089.0;60;11;20;0.0
1;1090.0;60;11;20;0.0
1;1091.0;60;11;20;0.0
1;1092.0;60;11;20;0.0
1;1093.0;60;11;20;0.0
1;1094.0;60;11;20;0.0
1;1095.0;60;11;20;0.0
1;1096.0;60;11;20;0.0
1;1097.0;60;11;20;0.0
1;1098.0;60;11;20;0.0
1;1099.0;60;11;20;0.0
1;1100.0;60;11;20;0.0
1;1101.0;60;11;20;0.0
1;1102.0;60;11;20;0.0
1;1103.0;60;11;20;0.0
1;1104.0;60;11;20;0.0
1;1105.0;60;11;20;0.0
1;1106.0;60;11;20;0.0
1;1107.0;60;11;20;0.0
1;1108.0;60;11;20;0.0
1;1109.0;60;11;20;0.0
1;1110.0;60;11;20;0.0
1;1111.0;60;11;20;0.0
1;1112.0;60;11;20;0.0
1;1113.0;60;11;20;0.0
1;1114.0;60;11;20;0.0
1;1115.0;60;11;20;0.0
1;1116.0;60;11;20;0.0
1;1117.0;60;11;20;0.0
1;1118.0;60;10;20;0.0
1;1119.0;60;11;19;0.1
1;1120.0;60;11;20;0.1
1;1121.0;60;11;20;0.1
1;1122.0;60;11;20;0.1
1;1123.0;60;11;20;0.1
1;1124.0;60;11;20;0.1
1;1125.0;60;11;20;0.1
1;1126.0;60;11;20;0.1
1;1127.0;60;11;20;0.1
1;1128.0;60;11;20;0.1
1;1129.0;60;11;20;0.0
1;1130.0;60;11;20;0.0
1;1131.0;60;11;20;0.0
1;1132.0;60;11;20;0.0
1;1133.0;60;11;20;0.0
1;1134.0;60;11;20;0.0
1;1135.0;60;11;20;0.0
1;1136.0;60;11;20;0.0
1;1137.0;60;11;20;0.0
1;1138.0;60;11;20;0.0
1;1139.0;60;11;20;0.0
1;1140.0;60;11;20;0.0
1;1141.0;60;11;20;0.0
1;1142.0;60;11;20;0.0
1;1143.0;60;11;20;0.0
1;1144.0;60;11;20;0.0
1;1145.0;60;11;20;0.0
1;1146.0;60;11;20;0.0
1;1147.0;60;11;20;0.0
1;1148.0;60;11;20;0.0
1;1149.0;60;11;20;0.0
1;1150.0;60;11;20;0.0
1;1151.0;60;11;20;0.0
1;1152.0;60;11;20;0.0
1;1153.0;60;11;20;0.0
1;1154.0;60;11;20;0.0
1;1155.0;60;11;20;0.0
1;1156.0;60;11;20;0.0
1;1157.0;60;11;20;0.0
1;1158.0;60;11;20;0.0
1;1159.0;60;11;20;0.0
1;1160.0;60;11;20;0.0
1;1161.0;60;11;20;0.0
1;1162.0;60;11;20;0.0
1;1163.0;60;11;20;0.0
1;1164.0;60;11;20;0.0
1;1165.0;60;11;20;0.0
1;1166.0;60;11;20;0.0
1;1167.0;60;10;20;0.0
1;1168.0;60;10;19;0.1
1;1169.0;60;10;19;0.1
1;1170.0;60;11;19;0.2
1;1171.0;60;11;20;0.2
1;1172.0;60;11;20;0.2
1;1173.0;60;11;20;0.2
1;1174.0;60;11;20;0.2
1;1175.0;60;11;20;0.2
1;1176.0;60;11;20;0.2
1;1177.0;60;11;20;0.2
1;1178.0;60;11;20;0.1
1;1179.0;60;11;20;0.1
1;1180.0;60;11;20;0.0
1;1181.0;60;11;20;0.0
1;1182.0;60;11;20;0.0
1;1183.0;60;11;20;0.0
1;1184.0;60;11;20;0.0
1;1185.0;60;11;20;0.0
1;1186.0;60;11;20;0.0
1;1187.0;60;11;20;0.0
1;1188.0;60;11;20;0.0
1;1189.0;60;11;20;0.0
1;1190.0;60;11;20;0.0
1;1191.0;60;11;20;0.0
1;1192.0;60;11;20;0.0
1;1193.0;60;11;20;0.0
1;1194.0;60;11;20;0.0
1;1195.0;60;11;20;0.0
1;1196.0;60;11;20;0.0
1;1197.0;60;11;20;0.0
1;1198.0;60;11;20;0.0
1;1199.0;60;11;20;0.0
1;1200.0;60;11;20;0.0
1;1201.0;60;11;20;0.0
1;1202.0;60;11;20;0.0
1;1203.0;60;11;20;0.0
1;1204.0;60;11;20;0.0
1;1205.0;60;11;20;0.0
1;1206.0;60;11;20;0.0
1;1207.0;60;11;20;0.0
1;1208.0;60;11;20;0.0
1;1209.0;60;11;20;0.0
1;1210.0;60;11;20;0.0
1;1211.0;60;11;20;0.0
1;1212.0;60;11;20;0.0
1;1213.0;60;11;20;0.0
1;1214.0;60;11;20;0.0
1;1215.0;60;11;20;0.0
1;1216.0;60;11;20;0.0
1;1217.0;60;11;20;0.0
1;1218.0;60;11;20;0.0
1;1219.0;60;11;20;0.0
1;1220.0;60;11;20;0.0
1;1221.0;60;11;20;0.0
1;1222.0;60;11;20;0.0
1;1223.0;60;11;20;0.0
1;1224.0;60;11;20;0.0
1;1225.0;60;11;20;0.0
1;1226.0;60;10;20;0.0
1;1227.0;60;10;19;0.0
1;1228.0;60;10;19;0.0
1;1229.0;60;10;19;0.1
1;1230.0;60;11;19;0.2
1;1231.0;60;11;20;0.2
1;1232.0;60;11;20;0.2
1;1233.0;60;11;20;0.2
1;1234.0;60;11;20;0.2
1;1235.0;60;11;20;0.2
1;1236.0;60;11;20;0.2
1;1237.0;60;11;20;0.2
1;1238.0;60;11;20;0.2
1;1239.0;60;11;20;0.1
1;1240.0;60;11;20;0.0
1;1241.0;60;11;20;0.0
1;1242.0;60;11;20;0.0
1;1243.0;60;11;20;0.0
1;1244.0;60;11;20;0.0
1;1245.0;60;11;20;0.0
1;1246.0;60;11;20;0.0
1;1247.0;60;11;20;0.0
1;1248.0;60;11;20;0.0
1;1249.0;60;11;20;0.0
1;1250.0;60;11;20;0.0
1;1251.0;60;11;20;0.0
1;1252.0;60;11;20;0.0
1;1253.0;60;11;20;0.0
1;1254.0;60;11;20;0.0
1;1255.0;60;11;20;0.0
1;1256.0;60;11;20;0.0
1;1257.0;60;11;20;0.0
1;1258.0;60;11;20;0.0
1;1259.0;60;11;20;0.0
1;1260.0;60;11;20;0.0
1;1261.0;60;11;20;0.0
1;1262.0;60;11;20;0.0
1;1263.0;60;11;20;0.0
1;1264.0;60;11;20;0.0
1;1265.0;60;11;20;0.0
1;1266.0;60;11;20;0.0
1;1267.0;60;11;20;0.0
1;1268.0;60;11;20;0.0
1;1269.0;60;11;20;0.0
1;1270.0;60;11;20;0.0
1;1271.0;60;11;20;0.0
1;1272.0;60;11;20;0.0
1;1273.0;60;11;20;0.0
1;1274.0;60;11;20;0.0
1;1275.0;60;11;20;0.0
1;1276.0;60;11;20;0.0
1;1277.0;60;11;20;0.0
1;1278.0;60;11;20;0.0
1;1279.0;60;11;20;0.0
1;1280.0;60;11;20;0.0
1;1281.0;60;11;20;0.0
1;1282.0;60;11;20;0.0
1;1283.0;60;11;20;0.0
1;1284.0;60;11;20;0.0
1;1285.0;60;11;20;0.0
1;1286.0;60;11;20;0.0
1;1287.0;60;11;20;0.0
1;1288.0;60;11;20;0.0
1;1289.0;60;11;20;0.0
1;1290.0;60;11;20;0.0
1;1291.0;60;11;20;0.0
1;1292.0;60;11;20;0.0
1;1293.0;60;11;20;0.0
1;1294.0;60;11;20;0.0
1;1295.0;60;10;20;0.0
1;1296.0;60;10;19;0.0
1;1297.0;60;10;19;0.3
1;1298.0;60;10;19;0.3
1;1299.0;60;10;19;0.3
1;1300.0;60;10;19;0.3
1;1301.0;60;11;19;0.4
1;1302.0;60;11;20;0.4
1;1303.0;60;11;20;0.4
1;1304.0;60;11;20;0.4
1;1305.0;60;11;20;0.4
1;1306.0;60;11;20;0.4
1;1307.0;60;11;20;0.1
1;1308.0;60;11;20;0.1
1;1309.0;60;11;20;0.1
1;1310.0;60;11;20;0.1
1;1311.0;60;11;20;0.0
1;1312.0;60;11;20;0.0
1;1313.0;60;11;20;0.0
1;1314.0;60;11;20;0.0
1;1315.0;60;11;20;0.0
1;1316.0;60;11;20;0.0
1;1317.0;60;11;20;0.0
1;1318.0;60;11;20;0.0
1;1319.0;60;11;20;0.0
1;1320.0;60;11;20;0.0
1;1321.0;60;11;20;0.0
1;1322.0;60;11;20;0.0
1;1323.0;60;11;20;0.0
1;1324.0;60;11;20;0.0
1;1325.0;60;11;20;0.0
1;1326.0;60;11;20;0.0
1;1327.0;60;11;20;0.0
1;1328.0;60;11;20;0.0
1;1329.0;60;11;20;0.0
1;1330.0;60;11;20;0.0
1;1331.0;60;11;20;0.0
1;1332.0;60;11;20;0.0
1;1333.0;60;11;20;0.0
1;1334.0;60;11;20;0.0
1;1335.0;60;11;20;0.0
1;1336.0;60;11;20;0.0
1;1337.0;60;11;20;0.0
1;1338.0;60;11;20;0.0
1;1339.0;60;11;20;0.0
1;1340.0;60;11;20;0.0
1;1341.0;60;11;20;0.0
1;1342.0;60;11;20;0.0
1;1343.0;60;11;20;0.0
1;1344.0;60;11;20;0.0
1;1345.0;60;11;20;0.0
1;1346.0;60;11;20;0.0
1;1347.0;60;11;20;0.0
1;1348.0;60;11;20;0.0
1;1349.0;60;11;20;0.0
1;1350.0;60;11;20;0.0
1;1351.0;60;11;20;0.0
1;1352.0;60;11;20;0.0
1;1353.0;60;11;20;0.0
1;1354.0;60;11;20;0.0
1;1355.0;60;11;20;0.0
1;1356.0;60;11;20;0.0
1;1357.0;60;11;20;0.0
1;1358.0;60;11;20;0.0
1;1359.0;60;11;20;0.0
1;1360.0;60;11;20;0.0
1;1361.0;60;11;20;0.0
1;1362.0;60;11;20;0.0
1;1363.0;60;11;20;0.0
1;1364.0;60;11;20;0.0
1;1365.0;60;11;20;0.0
1;1366.0;60;11;20;0.0
1;1367.0;60;11;20;0.0
1;1368.0;60;11;20;0.0
1;1369.0;60;11;20;0.0
1;1370.0;60;11;20;0.0
1;1371.0;60;11;20;0.0
1;1372.0;60;11;20;0.0
1;1373.0;60;11;20;0.0
1;1374.0;60;11;20;0.0
1;1375.0;60;11;20;0.0
1;1376.0;60;11;20;0.0
1;1377.0;60;11;20;0.0
1;1378.0;60;11;20;0.0
1;1379.0;60;11;20;0.0
1;1380.0;60;11;20;0.0
1;1381.0;60;11;20;0.0
1;1382.0;60;11;20;0.0
1;1383.0;60;11;20;0.0
1;1384.0;60;11;20;0.0
1;1385.0;60;11;20;0.0
1;1386.0;60;11;20;0.0
1;1387.0;60;11;20;0.0
1;1388.0;60;11;20;0.0
1;1389.0;60;11;20;0.0
1;1390.0;60;11;20;0.0
1;1391.0;60;11;20;0.0
1;1392.0;60;11;20;0.0
1;1393.0;60;11;20;0.0
1;1394.0;60;11;20;0.0
1;1395.0;60;11;20;0.0
1;1396.0;60;11;20;0.0
1;1397.0;60;11;20;0.0
1;1398.0;60;11;20;0.0
1;1399.0;60;11;20;0.0
1;1400.0;60;11;20;0.0
1;1401.0;60;11;20;0.0
1;1402.0;60;10;20;0.0
1;1403.0;60;10;19;0.0
1;1404.0;60;10;19;0.1
1;1405.0;60;10;19;0.1
1;1406.0;60;10;19;0.1
1;1407.0;60;11;19;0.2
1;1408.0;60;11;20;0.2
1;1409.0;60;11;20;0.2
1;1410.0;60;11;20;0.2
1;1411.0;60;11;20;0.2
1;1412.0;60;11;20;0.2
1;1413.0;60;11;20;0.2
1;1414.0;60;11;20;0.1
1;1415.0;60;11;20;0.1
1;1416.0;60;11;20;0.1
1;1417.0;60;11;20;0.0
1;1418.0;60;11;20;0.0
1;1419.0;60;11;20;0.0
1;1420.0;60;11;20;0.0
1;1421.0;60;11;20;0.0
1;1422.0;60;11;20;0.0
1;1423.0;60;11;20;0.0
1;1424.0;60;11;20;0.0
1;1425.0;60;11;20;0.0
1;1426.0;60;11;20;0.0
1;1427.0;60;11;20;0.0
1;1428.0;60;11;20;0.0
1;1429.0;60;11;20;0.0
1;1430.0;60;11;20;0.0
1;1431.0;60;11;20;0.0
1;1432.0;60;11;20;0.0
1;1433.0;60;11;20;0.0
1;1434.0;60;11;20;0.0
1;1435.0;60;11;20;0.0
1;1436.0;60;11;20;0.0
1;1437.0;60;11;20;0.0
1;1438.0;60;11;20;0.0
1;1439.0;60;11;20;0.0
1;1440.0;60;11;20;0.0
1;1441.0;60;11;20;0.0
1;1442.0;60;11;20;0.0
1;1443.0;60;11;20;0.0
1;1444.0;60;11;20;0.0
1;1445.0;60;11;20;0.0
1;1446.0;60;11;20;0.0
1;1447.0;60;11;20;0.0
1;1448.0;60;11;20;0.0
1;1449.0;60;11;20;0.0
1;1450.0;60;11;20;0.0
1;1451.0;60;11;20;0.0
1;1452.0;60;11;20;0.0
1;1453.0;60;10;20;0.0
1;1454.0;60;10;19;0.0
1;1455.0;60;10;19;0.0
1;1456.0;60;10;19;0.0
1;1457.0;60;10;19;0.0
1;1458.0;60;10;19;0.0
1;1459.0;60;10;19;0.0
1;1460.0;60;9;19;0.0
1;1461.0;60;9;18;0.0
1;1462.0;60;10;18;0.1
1;1463.0;60;10;19;0.1
1;1464.0;60;10;19;0.1
1;1465.0;60;10;19;0.1
1;1466.0;60;10;19;0.1
1;1467.0;60;10;19;0.1
1;1468.0;60;10;19;0.1
1;1469.0;60;10;19;0.1
1;1470.0;60;10;19;0.1
1;1471.0;60;10;19;0.1
1;1472.0;60;10;19;0.0
1;1473.0;60;10;19;0.0
1;1474.0;60;10;19;0.0
1;1475.0;60;10;19;0.0
1;1476.0;60;10;19;0.0
1;1477.0;60;10;19;0.0
1;1478.0;60;10;19;0.0
1;1479.0;60;10;19;0.0
1;1480.0;60;10;19;0.0
1;1481.0;60;10;19;0.0
1;1482.0;60;10;19;0.0
1;1483.0;60;10;19;0.0
1;1484.0;60;10;19;0.0
1;1485.0;60;10;19;0.0
1;1486.0;60;10;19;0.0
1;1487.0;60;10;19;0.0
1;1488.0;60;10;19;0.0
1;1489.0;60;10;19;0.0
1;1490.0;60;10;19;0.0
1;1491.0;60;10;19;0.0
1;1492.0;60;10;19;0.0
1;1493.0;60;10;19;0.0
1;1494.0;60;10;19;0.0
1;1495.0;60;10;19;0.0
1;1496.0;60;10;19;0.0
1;1497.0;60;10;19;0.0
1;1498.0;60;10;19;0.0
1;1499.0;60;10;19;0.0
1;1500.0;60;10;19;0.0
1;1501.0;60;10;19;0.0
1;1502.0;60;10;19;0.0
1;1503.0;60;10;19;0.0
1;1504.0;60;10;19;0.0
1;1505.0;60;10;19;0.0
1;1506.0;60;10;19;0.0
1;1507.0;60;10;19;0.0
1;1508.0;60;10;19;0.0
1;1509.0;60;10;19;0.0
1;1510.0;60;10;19;0.0
1;1511.0;60;10;19;0.0
1;1512.0;60;10;19;0.0
1;1513.0;60;10;19;0.0
1;1514.0;60;10;19;0.0
1;1515.0;60;10;19;0.0
1;1516.0;60;10;19;0.0
1;1517.0;60;9;19;0.0
1;1518.0;60;9;18;0.0
1;1519.0;60;9;18;0.0
1;1520.0;60;9;18;0.0
1;1521.0;60;9;18;0.0
1;1522.0;60;10;18;0.1
1;1523.0;60;10;19;0.1
1;1524.0;60;10;19;0.1
1;1525.0;60;10;19;0.1
1;1526.0;60;10;19;0.1
1;1527.0;60;10;19;0.1
1;1528.0;60;10;19;0.1
1;1529.0;60;10;19;0.1
1;1530.0;60;10;19;0.1
1;1531.0;60;10;19;0.1
1;1532.0;60;10;19;0.0
1;1533.0;60;10;19;0.0
1;1534.0;60;10;19;0.0
1;1535.0;60;10;19;0.0
1;1536.0;60;10;19;0.0
1;1537.0;60;10;19;0.0
1;1538.0;60;10;19;0.0
1;1539.0;60;10;19;0.0
1;1540.0;60;10;19;0.0
1;1541.0;60;10;19;0.0
1;1542.0;60;10;19;0.0
1;1543.0;60;10;19;0.0
1;1544.0;60;10;19;0.0
1;1545.0;60;10;19;0.0
1;1546.0;60;10;19;0.0
1;1547.0;60;10;19;0.0
1;1548.0;60;10;19;0.0
1;1549.0;60;10;19;0.0
1;1550.0;60;10;19;0.0
1;1551.0;60;10;19;0.0
1;1552.0;60;10;19;0.0
1;1553.0;60;10;19;0.0
1;1554.0;60;10;19;0.0
1;1555.0;60;10;19;0.0
1;1556.0;60;10;19;0.0
1;1557.0;60;10;19;0.0
1;1558.0;60;10;19;0.0
1;1559.0;60;10;19;0.0
1;1560.0;60;10;19;0.0
1;1561.0;60;10;19;0.0
1;1562.0;60;10;19;0.0
1;1563.0;60;10;19;0.0
1;1564.0;60;10;19;0.0
1;1565.0;60;10;19;0.0
1;1566.0;60;10;19;0.0
1;1567.0;60;10;19;0.0
1;1568.0;60;10;19;0.0
1;1569.0;60;10;19;0.0
1;1570.0;60;10;19;0.0
1;1571.0;60;10;19;0.0
1;1572.0;60;10;19;0.0
1;1573.0;60;10;19;0.0
1;1574.0;60;10;19;0.0
1;1575.0;60;10;19;0.0
1;1576.0;60;10;19;0.0
1;1577.0;60;10;19;0.0
1;1578.0;60;10;19;0.0
1;1579.0;60;10;19;0.0
1;1580.0;60;10;19;0.0
1;1581.0;60;10;19;0.0
1;1582.0;60;10;19;0.0
1;1583.0;60;10;19;0.0
1;1584.0;60;10;19;0.0
1;1585.0;60;10;19;0.0
1;1586.0;60;10;19;0.0
1;1587.0;60;10;19;0.0
1;1588.0;60;10;19;0.0
1;1589.0;60;10;19;0.0
1;1590.0;60;10;19;0.0
1;1591.0;60;10;19;0.0
1;1592.0;60;10;19;0.0
1;1593.0;60;10;19;0.0
1;1594.0;60;10;19;0.0
1;1595.0;60;10;19;0.0
1;1596.0;60;10;19;0.0
1;1597.0;60;10;19;0.0
1;1598.0;60;10;19;0.0
1;1599.0;60;10;19;0.0
1;1600.0;60;10;19;0.0
1;1601.0;60;10;19;0.0
1;1602.0;60;10;19;0.0
1;1603.0;60;10;19;0.0
1;1604.0;60;10;19;0.0
1;1605.0;60;10;19;0.0
1;1606.0;60;10;19;0.0
1;1607.0;60;10;19;0.0
1;1608.0;60;10;19;0.0
1;1609.0;60;10;19;0.0
1;1610.0;60;10;19;0.0
1;1611.0;60;10;19;0.0
1;1612.0;60;10;19;0.0
1;1613.0;60;10;19;0.0
1;1614.0;60;10;19;0.0
1;1615.0;60;10;19;0.0
1;1616.0;60;10;19;0.0
1;1617.0;60;10;19;0.0
1;1618.0;60;10;19;0.0
1;1619.0;60;10;19;0.0
1;1620.0;60;10;19;0.0
1;1621.0;60;10;19;0.0
1;1622.0;60;9;19;0.0
1;1623.0;60;9;18;0.0
1;1624.0;60;9;18;0.0
1;1625.0;60;9;18;0.0
1;1626.0;60;10;18;0.1
1;1627.0;60;10;19;0.1
1;1628.0;60;10;19;0.1
1;1629.0;60;10;19;0.1
1;1630.0;60;10;19;0.1
1;1631.0;60;10;19;0.1
1;1632.0;60;10;19;0.1
1;1633.0;60;10;19;0.1
1;1634.0;60;10;19;0.1
1;1635.0;60;10;19;0.1
1;1636.0;60;10;19;0.0
1;1637.0;60;10;19;0.0
1;1638.0;60;10;19;0.0
1;1639.0;60;10;19;0.0
1;1640.0;60;10;19;0.0
1;1641.0;60;10;19;0.0
1;1642.0;60;10;19;0.0
1;1643.0;60;10;19;0.0
1;1644.0;60;10;19;0.0
1;1645.0;60;10;19;0.0
1;1646.0;60;10;19;0.0
1;1647.0;60;10;19;0.0
1;1648.0;60;10;19;0.0
1;1649.0;60;10;19;0.0
1;1650.0;60;10;19;0.0
1;1651.0;60;10;19;0.0
1;1652.0;60;10;19;0.0
1;1653.0;60;10;19;0.0
1;1654.0;60;10;19;0.0
1;1655.0;60;10;19;0.0
1;1656.0;60;10;19;0.0
1;1657.0;60;10;19;0.0
1;1658.0;60;10;19;0.0
1;1659.0;60;10;19;0.0
1;1660.0;60;10;19;0.0
1;1661.0;60;10;19;0.0
1;1662.0;60;10;19;0.0
1;1663.0;60;10;19;0.0
1;1664.0;60;10;19;0.0
1;1665.0;60;10;19;0.0
1;1666.0;60;10;19;0.0
1;1667.0;60;10;19;0.0
1;1668.0;60;10;19;0.0
1;1669.0;60;10;19;0.0
1;1670.0;60;10;19;0.0
1;1671.0;60;10;19;0.0
1;1672.0;60;10;19;0.0
1;1673.0;60;10;19;0.0
1;1674.0;60;10;19;0.0
1;1675.0;60;10;19;0.0
1;1676.0;60;10;19;0.0
1;1677.0;60;10;19;0.0
1;1678.0;60;10;19;0.0
1;1679.0;60;10;19;0.0
1;1680.0;60;10;19;0.0
1;1681.0;60;10;19;0.0
1;1682.0;60;10;19;0.0
1;1683.0;60;10;19;0.0
1;1684.0;60;10;19;0.0
1;1685.0;60;10;19;0.0
1;1686.0;60;10;19;0.0
1;1687.0;60;10;19;0.0
1;1688.0;60;10;19;0.0
1;1689.0;60;10;19;0.0
1;1690.0;60;10;19;0.0
1;1691.0;60;10;19;0.0
1;1692.0;60;10;19;0.0
1;1693.0;60;10;19;0.0
1;1694.0;60;10;19;0.0
1;1695.0;60;10;19;0.0
1;1696.0;60;10;19;0.0
1;1697.0;60;10;19;0.0
1;1698.0;60;10;19;0.0
1;1699.0;60;10;19;0.0
1;1700.0;60;10;19;0.0
1;1701.0;60;9;19;0.0
1;1702.0;60;9;18;0.1
1;1703.0;60;9;18;0.1
1;1704.0;60;9;18;0.1
1;1705.0;60;9;18;0.2
1;1706.0;60;9;18;0.2
1;1707.0;60;10;18;0.4
1;1708.0;60;10;19;0.4
1;1709.0;60;10;19;0.4
1;1710.0;60;10;19;0.4
1;1711.0;60;10;19;0.4
1;1712.0;60;10;19;0.3
1;1713.0;60;10;19;0.3
1;1714.0;60;10;19;0.3
1;1715.0;60;10;19;0.2
1;1716.0;60;10;19;0.2
1;1717.0;60;10;19;0.0
1;1718.0;60;10;19;0.0
1;1719.0;60;10;19;0.0
1;1720.0;60;10;19;0.0
1;1721.0;60;10;19;0.0
1;1722.0;60;10;19;0.0
1;1723.0;60;10;19;0.0
1;1724.0;60;10;19;0.0
1;1725.0;60;10;19;0.0
1;1726.0;60;10;19;0.0
1;1727.0;60;10;19;0.0
1;1728.0;60;10;19;0.0
1;1729.0;60;10;19;0.0
1;1730.0;60;10;19;0.0
1;1731.0;60;10;19;0.0
1;1732.0;60;10;19;0.0
1;1733.0;60;10;19;0.0
1;1734.0;60;10;19;0.0
1;1735.0;60;10;19;0.0
1;1736.0;60;10;19;0.0
1;1737.0;60;10;19;0.0
1;1738.0;60;10;19;0.0
1;1739.0;60;10;19;0.0
1;1740.0;60;10;19;0.0
1;1741.0;60;10;19;0.0
1;1742.0;60;10;19;0.0
1;1743.0;60;10;19;0.0
1;1744.0;60;10;19;0.0
1;1745.0;60;11;19;0.0
1;1746.0;60;11;18;0.0
1;1747.0;60;11;18;0.0
1;1748.0;60;11;18;0.0
1;1749.0;60;11;18;0.0
1;1750.0;60;11;18;0.0
1;1751.0;60;11;18;0.0
1;1752.0;60;11;18;0.0
1;1753.0;60;11;18;0.0
1;1754.0;60;11;18;0.0
1;1755.0;60;11;18;0.0
1;1756.0;60;11;18;0.0
1;1757.0;60;11;18;0.0
1;1758.0;60;11;18;0.0
1;1759.0;60;11;18;0.0
1;1760.0;60;11;18;0.0
1;1761.0;60;11;18;0.0
1;1762.0;60;11;18;0.0
1;1763.0;60;11;18;0.0
1;1764.0;60;11;18;0.0
1;1765.0;60;11;18;0.0
1;1766.0;60;11;18;0.0
1;1767.0;60;11;18;0.0
1;1768.0;60;11;18;0.0
1;1769.0;60;11;18;0.0
1;1770.0;60;10;18;0.0
1;1771.0;60;10;17;0.0
1;1772.0;60;10;17;0.0
1;1773.0;60;10;17;0.0
1;1774.0;60;10;17;0.0
1;1775.0;60;10;17;0.1
1;1776.0;60;11;17;0.2
1;1777.0;60;11;18;0.2
1;1778.0;60;11;18;0.2
1;1779.0;60;11;18;0.2
1;1780.0;60;11;18;0.2
1;1781.0;60;11;18;0.2
1;1782.0;60;11;18;0.2
1;1783.0;60;11;18;0.2
1;1784.0;60;11;18;0.2
1;1785.0;60;11;18;0.1
1;1786.0;60;11;18;0.0
1;1787.0;60;11;18;0.0
1;1788.0;60;11;18;0.0
1;1789.0;60;11;18;0.0
1;1790.0;60;11;18;0.0
1;1791.0;60;11;18;0.0
1;1792.0;60;11;18;0.0
1;1793.0;60;11;18;0.0
1;1794.0;60;11;18;0.0
1;1795.0;60;11;18;0.0
1;1796.0;60;11;18;0.0
1;1797.0;60;11;18;0.0
1;1798.0;60;11;18;0.0
1;1799.0;60;11;18;0.0
1;1800.0;60;11;18;0.0
1;1801.0;60;11;18;0.0
1;1802.0;60;11;18;0.0
1;1803.0;60;11;18;0.0
1;1804.0;60;11;18;0.0
1;1805.0;60;11;18;0.0
1;1806.0;60;11;18;0.0
1;1807.0;60;11;18;0.0
1;1808.0;60;11;18;0.0
1;1809.0;60;11;18;0.0
1;1810.0;60;11;18;0.0
1;1811.0;60;11;18;0.0
1;1812.0;60;11;18;0.0
1;1813.0;60;11;18;0.0
1;1814.0;60;11;18;0.0
1;1815.0;60;11;18;0.0
1;1816.0;60;11;18;0.0
1;1817.0;60;11;18;0.0
1;1818.0;60;11;18;0.0
1;1819.0;60;11;18;0.0
1;1820.0;60;11;18;0.0
1;1821.0;60;11;18;0.0
1;1822.0;60;11;18;0.0
1;1823.0;60;11;18;0.0
1;1824.0;60;11;18;0.0
1;1825.0;60;11;18;0.0
1;1826.0;60;11;18;0.0
1;1827.0;60;11;18;0.0
1;1828.0;60;11;18;0.0
1;1829.0;60;11;18;0.0
1;1830.0;60;11;18;0.0
1;1831.0;60;11;18;0.0
1;1832.0;60;11;18;0.0
1;1833.0;60;11;18;0.0
1;1834.0;60;11;18;0.0
1;1835.0;60;11;18;0.0
1;1836.0;60;11;18;0.0
1;1837.0;60;11;18;0.0
1;1838.0;60;11;18;0.0
1;1839.0;60;11;18;0.0
1;1840.0;60;11;18;0.0
1;1841.0;60;11;18;0.0
1;1842.0;60;11;18;0.0
1;1843.0;60;11;18;0.0
1;1844.0;60;11;18;0.0
1;1845.0;60;11;18;0.0
1;1846.0;60;11;18;0.0
1;1847.0;60;11;18;0.0
1;1848.0;60;11;18;0.0
1;1849.0;60;10;18;0.0
1;1850.0;60;10;17;0.0
1;1851.0;60;10;17;0.2
1;1852.0;60;11;17;0.3
1;1853.0;60;11;18;0.3
1;1854.0;60;11;18;0.3
1;1855.0;60;11;18;0.3
1;1856.0;60;11;18;0.3
1;1857.0;60;11;18;0.3
1;1858.0;60;11;18;0.3
1;1859.0;60;11;18;0.3
1;1860.0;60;11;18;0.3
1;1861.0;60;11;18;0.1
1;1862.0;60;11;18;0.0
1;1863.0;60;11;18;0.0
1;1864.0;60;11;18;0.0
1;1865.0;60;11;18;0.0
1;1866.0;60;11;18;0.0
1;1867.0;60;11;18;0.0
1;1868.0;60;11;18;0.0
1;1869.0;60;11;18;0.0
1;1870.0;60;11;18;0.0
1;1871.0;60;11;18;0.0
1;1872.0;60;11;18;0.0
1;1873.0;60;11;18;0.0
1;1874.0;60;11;18;0.0
1;1875.0;60;11;18;0.0
1;1876.0;60;11;18;0.0
1;1877.0;60;11;18;0.0
1;1878.0;60;11;18;0.0
1;1879.0;60;11;18;0.0
1;1880.0;60;11;18;0.0
1;1881.0;60;11;18;0.0
1;1882.0;60;11;18;0.0
1;1883.0;60;11;18;0.0
1;1884.0;60;11;18;0.0
1;1885.0;60;11;18;0.0
1;1886.0;60;11;18;0.0
1;1887.0;60;11;18;0.0
1;1888.0;60;11;18;0.0
1;1889.0;60;11;18;0.0
1;1890.0;60;11;18;0.0
1;1891.0;60;11;18;0.0
1;1892.0;60;11;18;0.0
1;1893.0;60;11;18;0.0
1;1894.0;60;11;18;0.0
1;1895.0;60;11;18;0.0
1;1896.0;60;11;18;0.0
1;1897.0;60;11;18;0.0
1;1898.0;60;11;18;0.0
1;1899.0;60;11;18;0.0
1;1900.0;60;10;18;0.0
1;1901.0;60;11;17;0.1
1;1902.0;60;11;18;0.1
1;1903.0;60;11;18;0.1
1;1904.0;60;11;18;0.1
1;1905.0;60;11;18;0.1
1;1906.0;60;11;18;0.1
1;1907.0;60;11;18;0.1
1;1908.0;60;11;18;0.1
1;1909.0;60;11;18;0.1
1;1910.0;60;11;18;0.1
1;1911.0;60;11;18;0.0
1;1912.0;60;11;18;0.0
1;1913.0;60;11;18;0.0
1;1914.0;60;11;18;0.0
1;1915.0;60;11;18;0.0
1;1916.0;60;11;18;0.0
1;1917.0;60;11;18;0.0
1;1918.0;60;11;18;0.0
1;1919.0;60;11;18;0.0
1;1920.0;60;11;18;0.0
1;1921.0;60;11;18;0.0
1;1922.0;60;11;18;0.0
1;1923.0;60;11;18;0.0
1;1924.0;60;11;18;0.0
1;1925.0;60;11;18;0.0
1;1926.0;60;11;18;0.0
1;1927.0;60;11;18;0.0
1;1928.0;60;11;18;0.0
1;1929.0;60;11;18;0.0
1;1930.0;60;11;18;0.0
1;1931.0;60;11;18;0.0
1;1932.0;60;11;18;0.0
1;1933.0;60;11;18;0.0
1;1934.0;60;11;18;0.0
1;1935.0;60;11;18;0.0
1;1936.0;60;11;18;0.0
1;1937.0;60;11;18;0.0
1;1938.0;60;11;18;0.0
1;1939.0;60;11;18;0.0
1;1940.0;60;11;18;0.0
1;1941.0;60;11;18;0.0
1;1942.0;60;11;18;0.0
1;1943.0;60;11;18;0.0
1;1944.0;60;11;18;0.0
1;1945.0;60;11;18;0.0
1;1946.0;60;11;18;0.0
1;1947.0;60;11;18;0.0
1;1948.0;60;11;18;0.0
1;1949.0;60;11;18;0.0
1;1950.0;60;11;18;0.0
1;1951.0;60;11;18;0.0
1;1952.0;60;11;18;0.0
1;1953.0;60;11;18;0.0
1;1954.0;60;11;18;0.0
1;1955.0;60;11;18;0.0
1;1956.0;60;11;18;0.0
1;1957.0;60;11;18;0.0
1;1958.0;60;11;18;0.0
1;1959.0;60;11;18;0.0
1;1960.0;60;11;18;0.0
1;1961.0;60;11;18;0.0
1;1962.0;60;11;18;0.0
1;1963.0;60;11;18;0.0
1;1964.0;60;11;18;0.0
1;1965.0;60;11;18;0.0
1;1966.0;60;11;18;0.0
1;1967.0;60;11;18;0.0
1;1968.0;60;11;18;0.0
1;1969.0;60;11;18;0.0
1;1970.0;60;11;18;0.0
1;1971.0;60;11;18;0.0
1;1972.0;60;11;18;0.0
1;1973.0;60;11;18;0.0
1;1974.0;60;11;18;0.0
1;1975.0;60;11;18;0.0
1;1976.0;60;11;18;0.0
1;1977.0;60;11;18;0.0
1;1978.0;60;11;18;0.0
1;1979.0;60;11;18;0.0
1;1980.0;60;11;18;0.0
1;1981.0;60;10;18;0.0
1;1982.0;60;10;17;0.0
1;1983.0;60;10;17;0.0
1;1984.0;60;10;17;0.0
1;1985.0;60;10;17;0.0
1;1986.0;60;10;17;0.0
1;1987.0;60;10;17;0.0
1;1988.0;60;11;17;0.2
1;1989.0;60;11;18;0.2
1;1990.0;60;11;18;0.2
1;1991.0;60;11;18;0.2
1;1992.0;60;11;18;0.2
1;1993.0;60;11;18;0.2
1;1994.0;60;11;18;0.2
1;1995.0;60;11;18;0.2
1;1996.0;60;11;18;0.2
1;1997.0;60;11;18;0.2
1;1998.0;60;11;18;0.0
1;1999.0;60;11;18;0.0
1;2000.0;60;11;18;0.0